0.17364056070833533 3.3902177940760145 2.4661956804927865 -0.8914489681814346 3.3284128296356315 
4.198675380198156 1.214879723916386 2.388491806209829 0.8101478695772695 4.788144557772191 
2.931012941855644 3.322700546353456 4.047184174529624 -0.29931116052481266 4.391758028989533 
-0.8405871448984215 3.8423359825579735 -1.9186297841141453 -1.5687397367784053 -0.49179355937071567 
2.57178222965147 -1.449641510513563 1.629948668859368 -0.33110787518233575 3.648419755445351 
3.6133710136564443 -1.1848176532781085 0.8926987887166846 -0.9879045005018041 1.784861557189359 
1.9672120145196421 2.899646311684881 -1.2675303659497195 0.004947216371249397 1.4743495346508846 
-0.947548350343348 0.3574188561665803 0.002826995656067366 -1.634329352996827 1.4577725332875187 
0.52879470593577 4.803335945481016 2.7063001219681855 -1.4712150198535678 2.281021505255719 
3.940792051768023 0.42513935906532585 -0.8620631286156855 -0.4307235669137426 0.9375358518404797 
-0.28972332434326353 1.8927860642487795 1.1508193486073588 -0.16002841249157473 3.886144299489639 
0.06745415295254698 3.3859264001826963 -0.8143042993980962 0.44579244180522437 2.9720601507511786 
2.6865383330016526 2.6045344934255557 -0.6087522394489291 1.5589345730305406 3.993020221536958 
3.8667829996597645 4.497525021968725 -0.36311258370570276 -1.3172103194117173 -0.7218451983478977 
-1.3211635218489832 3.4391987503512746 2.543899599398615 -0.2815060011520216 4.750726922822123 
0.8161822193221313 0.217350049974669 1.8253551885005095 -0.2807704420956354 4.132938902507073 
-1.4747978594688769 3.2449462830012576 -1.757763646791219 0.26237121926569795 2.581431220431517 
4.098009971558782 0.24961609969669762 -0.17784327030186997 -1.3839714676005712 0.02887580886920449 
0.08222830316960317 2.992003000180917 -1.4812538148099332 0.39767780461560065 2.500046856789213 
0.18552483389373653 3.218707747954696 1.8569760935572701 0.5180805313748504 4.955995325469179 
1.6795898648356553 4.966872638934178 3.8537589963552064 -0.2934822955545746 4.373674023070398 
-0.4129474921646141 -1.1188088238800107 -0.6295257708723829 -1.0469471812468083 1.9540178300230981 
1.7086922134630926 -1.3891707040715515 3.9332863994132863 -1.7095047644090828 3.5675828313464635 
-1.3185156048474334 -0.8575378555409363 1.3636175517698783 -1.4546436696393807 3.0285260293569163 
1.8686749540457126 -1.1863685541561797 -2.421896412909322 0.059066776913059726 1.5321466013623932 
3.1203121154012683 -1.3210023752903184 -1.4631233214861354 -1.3357039891254685 -0.19086487054042922 
-1.5037794475258133 1.632894869759156 2.0838520033189223 -1.8006749295302422 2.6360641663866025 
0.9337419033559469 3.677823397379279 3.4012121955675445 -0.5350907463447021 4.195305131820181 
4.043896379812563 1.5774674017813288 1.8495404010064513 -1.4380683822457245 1.1537432570328758 
3.50949688161134 4.8870457249896715 3.351254795119762 -0.9478645097260638 2.4812208389623587 
0.3853007235845909 -0.41189387580967374 -0.43009661076167394 0.8005619626285694 4.357326062795231 
0.25962869337491723 -1.2801822456786622 -0.12107266905814917 -0.37184612230148995 3.091363853092216 
0.10308100828928812 1.8572006625137332 -0.8827563957777314 -0.17801385709955353 2.2989064456967734 
-0.34765196177685187 -0.5541948524565528 1.828454557374839 -0.19249664742546013 4.794418422697903 
3.2304058530829094 -1.1841371250031112 -0.5299626253527887 1.6066189464543579 4.643295218977971 
4.531525564411327 -1.4146454761750713 0.5912295013730167 0.5833480543144904 3.5713753463934648 
-0.5925693218153325 4.379518696778919 -1.7198732539344035 0.4616686596292565 2.3893970481894686 
4.606986159540047 4.875852479856784 -1.0602695573464542 0.8645346910322922 1.6101174753360559 
4.131775192232376 1.9589647876148726 1.7163985297848634 -1.8569388979318036 0.35611191274937193 
-1.0727089127820257 -1.1749145753396537 2.8935674654668015 -1.9748101541074994 3.337953454713726 
4.235265132308465 -0.9394134377333259 0.9709560461991402 0.3047280262079646 3.4485689453500568 
-1.7678621879852232 -0.05980877678858887 -1.4698738994435472 -0.3922666855897079 2.5568095776928264 
0.24301883217011278 0.5204492576787729 -0.4918817555947024 0.503209164210237 3.7588532133234356 
-0.43900905105162136 2.806830116050876 -1.358179724970046 -1.7608317382188612 -0.31301218134797826 
-1.3306879369639268 4.655572318987621 2.9620695564420148 -0.24009106778553413 4.881975671266366 
4.511744286552203 0.03636738011867813 -1.044724414382071 0.028296939047715908 1.3517908404120405 
2.415723463563866 2.998444814771103 -0.23974106829638586 0.40664630936532675 2.611212664907832 
1.8188900338491154 1.571145538759008 -1.0099449071708015 1.9136645593259254 4.702400204933663 
4.3563359837686875 -0.5915026808863324 -0.9926191852692292 -0.4342819407762386 0.8915597958527701 
1.2651751763057384 -0.5561447822079584 0.5605876645268444 0.4516070888764041 4.288532160484372 
-1.8340833596708013 0.1440039522195915 3.374826430060682 -1.2161610695188543 4.778147009340654 
2.5206787990985546 1.586251626560883 1.2362190782898417 -1.222367948988674 1.5369737454949144 
0.7839530612692749 -0.966832464817162 -1.9164716420687398 1.039638162364188 3.6220855685899807 
4.887501373403649 1.7825272809031236 2.0398912786548635 -1.7200415824558424 0.5628463470161327 
4.91353231680249 -0.6168084000161937 -1.00347926952241 -0.17053000510510108 1.0826133829909268 
2.2628377087656606 4.4822930568149895 -0.6923143500659603 0.541889123951611 2.260147031611389 
3.7388467905213285 0.31626751791035 2.3004214462313177 -1.413860969848253 1.844450918657059 
0.7019685049805187 3.1182872301597344 -1.7734470887048275 0.31243819623306157 1.9405790722832832 
1.283159465199747 -1.3323599831160442 -1.5747933374113403 -1.764239937255974 -0.2724892975275335 
1.1749250669001752 0.13638357713539295 1.7613300907639249 -1.9439585584475707 1.5882214732631095 
-0.06866969622515473 2.255904917835439 0.002159797577083289 -2.2524855663339163 -0.08002507077687482 
-1.0234183180842464 -1.145917778421023 -0.3241656871559331 0.7241384810464464 4.92878336580579 
-1.2953027310418808 3.2928076714637173 3.4504058313594967 -1.0205689615282088 4.345764482401195 
1.8774365784131193 -1.3744629848068344 -0.6779590949958658 -1.5458032503731958 0.48575864760559306 
3.800130638674232 4.3448075305815435 3.225514243853299 -0.5281300030915417 3.0011762032445146 
2.1783309568222284 1.515630897062782 -0.35575034398844996 0.2967165052378187 2.7269062309902754 
5.246229494899662 3.7780121911450815 1.6985788954274395 -0.19222393563463158 2.029552518406211 
3.3579403260537806 0.9725914259672064 2.059765644511957 -1.9860457315138673 0.8547990781257193 
0.6988367853984381 2.5671721292559626 1.1995772989043212 -1.604088783761175 1.385642986159023 
-0.22613728327484628 -1.6831353994498437 0.7453432749559858 -1.5064092631153434 2.307245744717356 
0.677976669843602 2.8651551110605507 2.3784690045296983 -0.410155664362434 3.889250721286791 
3.251610069847251 -2.195515878082928 1.1796175254772443 -1.5449291469736133 1.4948405545702506 
-0.10484083180176418 -1.5059879325954877 -1.2711799328831512 -0.41895861100044707 2.3743971694613575 
-0.0012645497305758813 -1.5443766573759938 2.855350595033512 -1.3316123145582548 3.948979096958012 
-0.8695792491452243 5.228470477955143 1.6379174335833075 -0.060763252860945194 3.94369842243717 
4.406206761023354 1.064748682116628 -1.7357670733518493 0.17128881920759542 0.9126773008970661 
1.92940522665731 -1.607024343396051 -0.43660816541652747 -1.9105253427123663 0.15707296693137662 
3.615814944735372 -1.1150573682443674 2.7307773998279066 -0.1989660343613311 4.206093541324501 
3.9219538377338043 2.0821850925362924 0.25714699307372535 0.06113110642385022 2.133689078480491 
1.620783369791327 -1.6498259692889274 -1.6097564336758292 -0.2068289236229477 1.8923088482654111 
1.1569516234912625 4.664115276124704 3.515343410850842 -0.03627983447799821 4.7356322679903 
-0.19056461347435416 1.160689374183119 4.5057634574996674 -1.8688451414083154 3.899861341085801 
1.8382177683433705 2.4773400210574095 2.5983808386463805 -1.408654818516736 2.292520961242169 
3.4044087756612655 -1.0799495042369411 1.882958440996504 0.6736002901310227 4.927426811935277 
4.752817923817387 3.0160982053518874 2.0238424695633395 1.161146970275157 4.5149661620213335 
1.994555581804352 4.432028220015589 0.1107728850729226 0.9457230986675216 3.50794868158056 
0.8347207414263045 3.1392912741275527 2.8061689245369035 -0.47765830411518273 3.990938625911757 
0.37174191754819774 2.038666937740696 1.9668721718804012 0.23367277099427852 4.781819363204285 
2.48697310792679 4.450678729296133 4.837200903455223 -1.9058299748363914 2.5741046916652737 
1.5013254314399533 1.9394973658541235 3.4566965165514123 -0.6064591656563603 4.266903591101438 
0.2633699987460696 3.679133614774672 -1.5147308316835093 0.3082163932624187 2.158835608513648 
-0.5840861768118712 0.7355751362905121 -1.365734668808079 1.1281610341423791 4.276683337449569 
4.2560675679632585 2.23567109241128 4.143655314005316 -1.2251137236288523 2.888007467999519 
-1.4618284106782435 -0.5165078244624752 1.106463513008396 -1.6714381560041298 2.5186475080770743 
2.5844132981343755 0.5185785060225183 -1.3472947524057974 0.049916181194325615 1.7214990168678845 
0.6306451021108879 3.102589896863109 2.6181717722853146 0.24698867493040177 4.976492578232114 
0.35399607715543313 0.3878201473841756 0.7528135062572305 0.516702502578342 4.645569282727093 
1.0380572227772638 0.5119567634903428 -0.21156488849345734 -0.3028361491928777 2.532887566991687 
4.64578559824523 -0.7385027776229154 -0.8530652239883223 -0.34816213548494157 1.044953724817718 
0.7216680088034979 2.679811071606996 0.10627955692348046 0.8164671153662302 4.070230766205323 
1.2727550183402088 2.503117016597658 -2.4298365264861195 -1.5330874255877065 -1.256371931324843 
-0.6525057584878318 -1.891379680692297 0.8706193574419763 -1.4425671601745482 2.6683843545195094 
2.7432118133235566 4.778013219698904 -1.3786518780130856 -0.4291754285142684 0.1614721120424769 
-0.4935796784489832 1.8649159577421701 0.5349741935997567 0.9207755727036493 5.080368702772524 
4.780360398582127 2.957579313851328 0.7424001219982999 0.0880898423024088 2.065766185385741 
4.043438608683722 0.7801288265408732 1.2876546712828123 -1.874304506067337 0.2774687270241736 
1.1255530031892653 2.5472708597647813 -0.9829209653724544 1.2937044414035967 3.8777348569775123 
3.3399059825556545 4.767047432416646 -1.5566212295784605 -1.7993409634863302 -2.1342125955715785 
3.872081388726997 2.9598988911860022 3.2350862577610675 -1.4616002908164882 1.898277762775888 
2.3207006240667405 2.623634024017003 1.7746974844013492 -1.381380863447066 1.561621031580978 
2.4369519625567952 -1.3081892760457725 4.652639254858735 -1.1113377741215484 4.6794626930677925 
2.6877027779940548 -0.6092693265300495 2.2808145838835268 -0.7594746402319017 3.2960035883465597 
1.3623883083996151 -2.8543076305950894 0.5713143531144473 0.46464305888812474 4.711479410068506 
0.25751854614760017 0.838829107750473 1.0225849017896573 0.5756858438118644 4.869138104637174 
1.7126420365910269 4.690487824841999 -1.4997064510101183 -1.4255039775286158 -0.998944458555723 
0.4973691192516341 3.2506267740228063 -0.20379287302025872 -0.9559280100818757 1.2669546438195498 
4.4178466151221825 -0.013021315081894524 4.871429905847649 -1.048307357499095 4.0226386134674055 
-1.4550855311525153 0.16859922252257076 -1.4616067966857367 -1.5633989584103867 0.7294675561170263 
0.700865464230281 -0.06785095169303612 -1.3722607021794948 -1.69582462991818 -0.07240447666699068 
0.28474857914902474 1.8999139477187543 -1.802128183371563 -1.2069076491774438 0.09903540309773806 
-1.2079382706536792 3.578764158057658 1.9435396346982339 -1.2760170420912127 2.8305380737566397 
1.2398508689387606 2.4448903442700214 3.0122959084299046 -1.9508172680430822 2.009858080202962 
-1.842859424671826 -0.18022414974350065 0.14552955983898985 -1.3786540936861047 2.325443606335864 
1.3708611358726388 3.535357738403752 1.7061855919807098 -0.35244763757213615 3.1413146040677216 
-0.17881691732334004 4.649205353177484 -0.4268100585702246 0.9140367892736423 3.766413230074547 
-1.9561088192672933 1.8464867561910274 -1.9976713922454867 -0.25307706399007435 2.0911650670872586 
0.25107908780562704 -1.9554267417538846 0.42496270045442275 -0.1608323267187881 3.909902498327445 
2.9984658987740787 3.4273147115437324 -0.8756754034522354 -0.3693851334877922 0.7699881072444454 
-2.688649947248715 4.2261072355970875 1.9199134970546265 -1.2328416481482807 3.248881841939969 
3.977597023864262 2.786212230193952 0.14479142268507372 2.1428275769190694 4.902240124611854 
2.463213992481421 4.429691136154803 3.0000693675861356 -0.3930864339784521 3.4660969137821054 
-0.8743060159727436 2.0892593527686056 -1.3861748573150618 -1.596439828404233 0.18296838412798122 
4.792664294866658 -1.5208469929920978 -0.21149340911723802 -1.206129969420799 0.3601846128503787 
0.7697226512344875 0.8325545827600227 -0.8924920515728183 0.8433328455628173 3.7319257704334943 
0.40225002679358646 -1.304119045385679 0.3092788276658247 -0.4801396333676977 3.196517384661245 
1.4987190190136035 -1.497449127006753 0.24264002178492206 -0.9403419788470264 2.1572743174464013 
-0.095558828855417 -1.291261242664394 -1.8632932366798005 -1.132720595563483 0.8850093248437512 
0.9643335428559101 -1.5213149276367144 -1.6925954648289352 -0.8579219064555326 1.0910964350430532 
4.921851393182962 -2.100485910464306 -1.4935428845177707 -0.9908569699867533 -0.1709340471498222 
-1.6674403879858506 -1.197735445357217 -1.282033367426609 -1.38621900659228 1.437128888434853 
-2.35709001737877 1.8280078788923908 0.8518679672368528 0.2655765438706821 4.988823852743928 
1.535701098656402 -1.4750213886068309 -1.3638369448919363 1.0665416877565566 3.8951975515063504 
0.7308477918458869 3.1094456303123064 4.110075137036544 -1.8337245508290114 2.999752343740555 
-0.8263658000891849 0.4647006772284754 1.2745301995949867 -1.6237459925428435 2.310994998028578 
3.512180669488088 -1.983714266672473 2.1053329924815465 -1.1444930478189457 2.5995523495965287 
3.739533312435533 0.6090006238186894 -1.4979378977682578 0.29168885497960373 1.5612984147909033 
1.6860027293344126 3.334465359622568 -0.6844524830992271 0.2948269951310407 2.316448471011397 
-0.3506641996763966 5.3375092156752295 0.009338128644982291 0.5300809738330512 3.450561715747166 
-0.08388497506399051 4.548592513414542 -0.8254658668947037 -1.8016820852175446 -0.4387985476010743 
2.296887265090426 1.8014697260721824 -0.24180960210986524 1.9012839374307977 5.025044057292594 
2.79790938558416 0.061234005882901954 -0.19001936460595958 0.829524808487637 3.676148968648943 
1.4169988091896508 0.7610071123160254 1.6262998962583688 0.2908802359022924 4.513721127460793 
1.532170692402356 4.398543610728458 0.005166573924532791 1.061314912234219 3.7600898065704187 
4.657937221268423 0.5549681603560039 -0.5200935861062241 -1.7208551079879195 -0.9418000120260537 
-0.43665662151182283 0.575839375695899 -0.4437492029080834 -1.7899359333529974 0.706987297131545 
2.4851962451261462 4.5898492202931065 2.2425311511205472 0.23410166516973296 3.796643854939502 
1.2713713866420415 3.4010314739304857 -1.1835074114118815 -1.4973099518920485 -0.4911535811614951 
-0.5489801628321143 1.8671878358317748 3.8046464129490203 -1.691675102316458 3.646910700346342 
4.501641572838667 0.33340151020445874 0.8163965782060936 -0.25368767253102176 2.208758042823316 
-1.0181892277861693 -0.08631566215504693 0.39271121548317334 0.6542906018815944 5.135195310550597 
-0.5982261856967981 3.96188411404509 -0.1420764779524275 -1.8019025882748423 0.3246887542913137 
2.6233486131653017 1.9395520007722313 4.7164058902411305 -1.7848072688874126 3.08610385262298 
-1.5483503699370846 -1.803101277648144 -0.4678817078139552 -1.4390428541777358 2.009761148783208 
-0.23393038667741295 0.4927963332479277 -0.35937844764901894 1.0492112578252333 4.80285549667963 
2.9022113456803753 -0.7460541789544894 0.04338331380848803 -1.2076982600620076 1.0234383737942707 
4.093022680691066 2.5976627619808226 -0.4796180538928083 1.9687398612682347 4.206758424548816 
-0.6368534681243319 -1.1176079058069481 2.795274850628874 -1.5903556082495003 3.666166167242592 
4.07604790588693 0.2930422200727769 -1.2168749261138652 -0.12519915228435585 1.1066830165762904 
-0.807880896065577 0.8315628814638976 -2.818598394664678 1.840637975604587 4.332788207862626 
0.3863142084745874 1.7454496744526842 -1.5436531353506577 0.24164490589020904 2.362473352295852 
-1.905000743480662 -0.45088850588402374 -1.6359593849772087 -0.30499232542270804 2.6839048246680632 
1.8354581188831791 3.236001984430426 -0.8372366716137172 1.3674761118582914 3.721721907174432 
1.3202439315515035 4.874710684183836 2.1081172907198384 -0.11043748032613365 3.540617551666049 
0.6798083014686418 3.8763778999297545 0.7947068617224435 -1.414793230797105 1.1341034427646894 
2.7694911715575707 2.2930871786941722 0.9284702204340962 -1.2159662084598697 1.113926799974825 
3.3704686806855584 0.3746707338814914 -1.819464366576884 2.8622608754927343 5.202506624770704 
4.192133398723275 0.6124334658825663 0.237709643555563 -1.661203930627071 -0.1758567229669219 
0.16092010564860848 2.7531216665149945 1.6383158266793936 -0.3264540231482538 3.6801164648695828 
1.019216595329654 4.656711745782461 4.678925446405911 -1.4791114142439534 3.527587707389369 
4.578342574670009 1.7991425222429849 2.5872114788612395 -0.5640145793253248 2.714200911703236 
4.447556131848001 -0.8504734069850184 2.725262723170552 -1.35517676594057 2.210569415118799 
2.189468564477948 4.461888761817384 0.3926027376870116 -1.4863231372913035 0.1344627557110496 
2.1266550223622964 -0.5660105095189041 -1.1249796945799833 1.9078828195657014 4.909062346929863 
3.80141611039105 4.430026404844313 1.483235036731823 0.17191028177496115 2.7615452544964736 
1.6537526934067586 2.9644441078941335 1.2429078149089738 -0.9306847324996599 1.9935048939207523 
1.5360384198779653 0.6699026217309569 -0.5258905182901719 -0.035203365058840586 2.500551557997806 
4.9079412427169675 -1.6170926520674118 3.531004236728803 -2.103150355313682 1.6925715998734456 
3.131446322944673 0.4312838046806875 2.4354906766261766 -0.3122368399282276 3.707160106308943 
-0.02993230451177875 0.8238217988245924 -1.6160841309407092 1.8878716604845946 4.9924771274867386 
1.6327451789050356 -1.557215346702667 2.329130247195696 -0.7434617390443894 3.8819223488999923 
-0.6338123506752813 1.4014995255964 0.9336693572778039 -0.4319965723000574 3.5471991682925186 
1.3068222135409036 -1.6782800842428023 -1.6638510198311487 1.674815396443733 4.673637265325019 
-0.26570046460347174 3.6065396266621006 0.4226881175440016 0.5338090050281608 4.042711473121512 
2.114531902687481 4.265999049590086 -0.2997030787337056 -1.10385536950944 0.2575101586293951 
3.55633801595826 1.417335226633258 -1.5700533589329186 1.9509500467220966 3.809543332738876 
4.048727104779631 1.4473107151232585 -1.7807684647083315 2.1213505650180378 3.736646721293371 
2.912301354354513 4.877484609119897 -1.5880434393373515 2.2947041768320404 3.8610201353543028 
-0.3569893274766267 0.16094096337725072 -0.4669013067934684 0.2641439240569028 3.699501632445596 
4.234970413797603 -0.21643949194166723 -0.1738309321308933 -0.10593958375189994 1.913271596210256 
2.9265888814699332 3.544611055220143 0.1661455448977427 1.9212567717388906 4.806853987728735 
3.024340680109149 -1.2776309173868068 -1.1817068857678692 -0.5499435945930566 1.1634917129896034 
4.418719618903236 -0.2960110170884296 2.207656717398037 -0.19764472331298788 3.41791735594652 
2.631487108872891 4.387258163630504 1.97338407290639 0.3851266739711683 3.8130370052190923 
0.5205705933868301 -1.3876273241467492 2.3180922728571964 -1.2040998517332597 3.5497608595047048 
1.8768401745712986 2.1436642827406467 -1.0748310123118516 1.589797568305101 4.064014834745914 
1.5481489379362279 -0.04997283162536448 3.3994905650842506 -1.9018941105019502 2.7168243424877456 
3.5501207611008194 1.7381263040335166 -0.2687899386094805 -0.024720369488222538 1.8265506606494164 
5.125297892024294 -1.6752683910444506 -0.6586149048950358 -0.5213574315907734 0.9480835884189704 
2.990849409068857 -1.801239519099147 -1.0623956711857327 -0.2167899539373006 1.836336572490581 
-1.7132573810706753 -1.2915969419301416 4.168520875488422 -1.8592907117336375 4.64061073766827 
-1.7050153348991874 5.264043347994925 0.055762493419055925 1.1179526637129058 4.795022999750662 
5.232182582817357 -1.0562447724320043 -1.1268232193127679 1.7466603995469674 3.7320194766684676 
-0.8389436479513817 -0.5952408515267269 2.032662085506393 -0.6444697944118731 4.458942452310016 
4.023358233429519 1.932441167627672 -0.5728190587631277 0.8395417558258451 2.66236264423553 
1.1071527763934594 4.010646780318755 -0.8721630924954749 -0.9280465818945633 0.4896210528761551 
3.198240601823791 1.002477583539767 2.184071521770905 0.3893800672758214 4.410881837585677 
0.6377352395553779 4.6578337069690665 3.444821212461504 -1.7381941084002397 2.409321746078085 
-1.7816811903365442 0.08189314114797974 -0.9956269870821044 -0.2881975144503066 3.0200355385946818 
4.9596129962073965 4.959760856052875 2.642460671437022 -0.0851468001710074 2.72574814574277 
3.4397039224352106 1.47048997240146 1.9591780211585024 -0.8803953926802728 2.2556518858764516 
2.5326163300930897 2.058037442617799 1.0647549533911924 -1.7792394269353555 0.5220752079760036 
3.7659108674366104 0.03265271395491798 0.3962146181468087 0.1564709389339849 2.8038536638987566 
3.817551867600691 1.5742462181234742 -1.542359471797463 2.514762632912233 4.524793259848197 
-1.6292700776213815 1.1930952924764733 0.060868428926240004 -0.322912377130363 3.4583234483014422 
1.762041084193709 -0.8473511283219501 -2.838815021941684 2.2772506561709607 4.404024438713375 
1.4966844510083654 -1.8412208985615537 2.400288809265331 -2.061525414372084 2.132403102168933 
4.663821835565664 -0.5539984042755108 0.160654905495349 2.3116145232674103 5.55095505106638 
3.17843760634016 -1.028679130733067 -1.3595101691118647 -1.6240789098234434 -0.6068764144006307 
4.009933755473607 1.7928388187774063 -1.5152494917006392 -0.4072048005270017 0.23170418319080355 
-1.7562298885731944 -0.1443482926593076 2.522084016949755 -1.7474941559366433 3.4382419284627366 
4.726061010106981 -0.8470155102450059 2.124708209916321 -1.274585089284695 1.808896277254864 
2.352251416901427 4.132718060573675 0.2625338348276163 1.5328280281357485 4.39726877471734 
-1.01220196801459 2.0718607862964378 1.6942491095399788 -1.0163787261525736 3.2443704455988707 
-2.3857809504010588 -1.8578087914967485 -0.6910604065507082 -1.4574399334429369 2.1150373818915202 
-1.4756547427497253 0.9156453399557769 -0.8599022563029322 0.2106121056655006 3.576658245924301 
2.370855446238704 -1.133361027298345 -2.3619164751622885 -0.9095831758030588 0.0023515558409672455 
4.48073864451187 2.795363042075345 0.8814771067022829 0.2751257793813031 2.563691826075993 
-1.4805917299856972 3.0297886553106492 1.5566975890665615 0.341603042572731 5.07941694369256 
-0.12780005447352139 3.098966759906548 -0.8610440119236928 -1.1677046010042584 0.7342222534073777 
0.05011748658641979 4.1050526105422485 -0.8859978863626745 0.05825461889060701 2.234847571710656 
0.060641064218557084 4.679475844004667 -0.7353359079495816 1.6375531216270303 4.5045594352580505 
-1.585710719963831 1.5011235474270253 1.0963914341140066 -1.4057983983981215 2.5587997581867503 
5.064860108997294 0.42452653507346483 2.995671985117874 -1.954477568605797 1.0949035686942357 
1.5379518856091599 4.51619092714474 3.361636756371909 0.015404784433244112 4.602159348534672 
-1.7737426241552152 5.690836610443217 -1.3962251794852967 -1.9696223385338736 -0.7341755736946001 
3.2812017278488526 0.1313390401375325 3.3380820301050576 -1.3507141341915907 2.855570720894761 
2.564325252151515 -0.4974022333425552 2.388846315830782 -0.13437243490760742 4.292705755015554 
-0.2501614461742321 0.31823264369916204 -1.5228298081628593 0.6576801759307118 3.4549659663461605 
2.810000833239717 2.832120236770146 -0.005586548850445405 1.4075883820570305 4.117570951362432 
0.19095751268096417 1.6244357431490544 0.8597112391107755 -0.6368700994035759 2.8834539236514383 
3.1969139488494123 3.7264533722297597 0.08560023738669309 -0.2394295928087744 1.514460907523831 
-0.39776448728562896 0.4745655340182997 4.0486602102727165 -1.3191672918968607 4.565526622839515 
1.2702487161451939 3.7040050243307103 0.4702063105042882 -0.7278203629137034 1.7294522105695884 
3.611918999000057 3.904655169869565 -0.1014257080869545 1.1675172040936632 3.236696942596298 
0.04062796983116912 2.956760374314384 2.0821636221028044 -1.6253375564513164 2.125498893656844 
3.305175353228379 -2.552701356853241 -0.9948135322356644 -0.5597043167611211 1.4258438532994728 
-0.47611515323817866 4.335813607447623 2.1724500814901013 0.05479678075218697 4.523407788158522 
0.38540554088922874 0.5180468589486023 4.087285663853809 -0.7373983148062901 5.161405830497581 
3.1880836175319613 4.9666827286793005 -1.6004953452082966 0.05821396616753827 0.5229826652190672 
2.611651363320723 -0.5908204079072348 0.7939419026949359 -1.1902102003690926 1.6468290999524573 
4.672010073518921 -0.6743165535408164 3.514065856443743 -0.30693465738687564 4.169827324233742 
3.796831589914041 1.6804152669366612 1.8444267000499113 -1.0939252730040478 1.7088424486890657 
4.200244483775924 -0.6658058117155885 2.7656430279124917 -1.0165973999205042 2.7746668943288464 
0.7133613265334755 0.8494608079518751 0.20295332836700863 0.21687495689409175 3.619363973056717 
2.679418944207584 -0.7120114181774255 -0.10783972675724307 1.308638329442886 4.607968231302146 
2.305099097799932 3.593151318333239 -0.9002758562895481 1.3199882354679895 3.3851340486745456 
0.9389867871574269 0.7596167120975061 1.0135985209708036 0.5298894734086632 4.584530401017878 
3.375296239396732 1.9771507112679036 -0.8820814211814525 1.1105484303663808 3.0416900968278915 
3.0424876063492725 3.231136028283678 -0.31729699157454383 0.5339000741500337 2.487203748081546 
4.8219956420044845 -0.7958346420782791 -1.9124415572048812 -1.4869508760828254 -1.3914639974900531 
3.335059499850172 0.055569217764570134 -0.7963697570067212 -0.5847965709956884 1.0330501733637343 
0.5619514009840958 2.4557254702308864 -0.4875513979916468 -0.7108177450639035 1.5463748408041695 
0.15182869180073566 3.015926629992731 0.4986604925409548 0.5051367517982666 4.026328826180798 
2.459684413168974 2.028302253076573 1.3843001512122526 -0.7296704839100943 2.289166676623066 
-0.2604753228809753 3.7385311584873953 -0.9854613012005853 -0.9898538853765211 0.8272203240332041 
3.0782860537080934 1.3542832135175389 -1.2785629214742942 1.3659797272560184 3.344764975874657 
-2.0586833501685895 -1.5235534166205138 -1.4090102913391283 -0.29686520772362757 3.107474682347461 
-0.8370108864612216 3.1118388111222384 2.2897862715118356 -0.3593285293359827 4.358813287275268 
3.5356328678478524 -0.6908288214470721 3.2536421756228053 -1.7291127387036753 2.319664538675223 
4.143471629506447 1.962326000646353 -1.0598853859086521 -0.458690297981843 0.40319285434948715 
4.350454181995969 0.7067648364793666 2.9326876264862047 -1.4570222303673728 1.9522676092741804 
-1.664456772368362 2.3922623220032264 4.27125619034204 -1.2116443095401137 4.941748568614314 
3.848416029531592 -1.1357658647798852 1.1090301479828353 -0.21146679597310492 2.968417559057835 
4.123523586814127 0.6922250957181719 0.21449451063212988 -1.5769340607691833 -0.06293518796257458 
1.9369540226519528 4.534614054286169 2.894951569414463 -0.1697400202603656 3.8692754151011064 
2.947464491673246 -1.9628670933716783 3.657588543400857 -0.6604557884176527 4.577472522170468 
1.0884426213849527 2.6592841598489847 0.3460104836868714 0.06290017578951934 3.0358842633153937 
3.1246501153370945 0.0055760453632791585 3.132284914618218 -1.6864422465680189 2.3024407815076264 
3.8502307929429422 1.5999092839604077 1.504372045097039 1.0452353030791146 4.546039299721917 
-1.676761946928765 -0.132347105532181 -0.6326757799557079 -0.6839957220022232 2.7116569744136676 
-0.17892773036193077 0.46160899107489506 -2.811135426142884 1.6466881674034792 3.9181351390986707 
-1.1108921303261852 -1.4909321946394736 0.804689955694508 -1.2074045211932156 3.0385954053253625 
-1.8461096122360394 4.769627825016821 2.137913275361421 -1.4117117796586969 2.7628983574306645 
3.293609822533935 -0.6815072333003385 2.462936186923386 -1.7733958665377259 1.7760164025270555 
1.907532722555644 -2.194538551449403 -0.4346771902041022 0.9505659864716727 4.395640602685212 
4.338455422999442 1.2638589245418086 0.16764485509470273 1.7656675195179532 4.539164890502214 
2.275915086515539 -0.5948063740747516 0.08268850211945411 -1.7222317126948592 0.49078117843733704 
3.517792404193762 1.6638974713509482 1.8682664508576448 0.7815731677947091 4.522580550308822 
2.4625771792724116 2.4256740486656305 1.3405740746559145 1.2360145849460564 5.013572609586188 
0.9906854194288013 4.599066930522488 0.020621118407316175 0.758777404860139 3.4785471293748693 
4.119805454824547 2.733262464953558 3.741155701509676 -1.8436394500460038 1.665387531059785 
4.715034526376657 3.6230810177732122 4.708912807887468 -0.5492461325133808 3.848765087276621 
1.6038583995174531 0.5371344276077594 -1.1297880223776757 0.33227608055679925 2.605254636563258 
4.322804663720428 4.8885824761295495 -0.6462901987136962 -1.3071705037002748 -1.1325021943944116 
1.9219053865084348 3.428815192550327 3.110266750395585 -0.839841228687566 3.268011209217706 
3.9510860416101883 3.7575554392015684 -0.5525095070008275 1.4349100608041363 3.217434106443558 
-1.0693811380349962 3.7231051329119107 -1.6553707027456148 0.7574786975817478 3.142407491481433 
4.513321317982545 4.577278466008565 3.1394546288081555 -1.7664902362924078 0.8760137564341364 
0.7070098826133555 1.1297324933782456 1.7879670564051713 0.24523097137909255 4.72996572474886 
1.8534518746772661 -0.8587011939142075 2.631998761061835 -2.3519310618975764 1.5757368141203791 
-0.8077197613441061 0.9149835795209071 -0.32848054963883433 -0.4229328995552857 2.81731449224098 
0.729197641654705 1.9410305473883256 0.7283981036703033 0.40879528849662816 4.0581258769912125 
4.456302619343198 -1.2521714254735123 -0.5758471761742312 0.6087320735361281 2.778059113565474 
1.4725831205578186 -1.2564878840244376 0.41004396010440036 0.154327484445429 3.815628090050348 
0.33760032183988464 0.047349646946199586 -1.4340356611788714 1.6433672045403807 4.791771608050014 
-0.16235240829058228 2.374367330986267 -2.840793260174241 -1.799651986581484 -1.4280510268466515 
0.8630085178760987 2.0608068558753847 2.0799504031662734 -1.1760866216993775 2.663670333801911 
1.1967690760057934 3.8827406726099696 -1.5708972943808974 1.6117447340807276 3.647093237458286 
-0.3094573562849512 -1.1738272314271583 0.40372931833843717 -1.568167297246119 1.909502655011675 
2.136726922525218 1.0698062525324619 -1.8313410674483606 0.4109115500426408 1.9454180279264564 
3.1128086474702474 2.0488788335780432 2.1317482378109283 0.4789047111061431 4.336106653208437 
3.8083003894790783 3.705050681414134 -1.1643145715202108 0.9968717768264077 2.211636383402318 
4.384340529622835 3.938930986120317 2.477840265209082 -0.6191891329134374 2.222661521936052 
1.3506786273638396 0.18065275149613136 -1.9354547777496671 -1.3238016025966075 -0.19791920218604253 
-1.9813935619841196 1.9928844248403519 0.10982629485041384 -0.6127095832648322 3.043776500125194 
1.2378228579063206 -1.2827598306750192 4.201908576816694 -1.6743581020389897 3.945135650408938 
-1.78689986350763 4.824510593114157 -0.4140126069134178 -1.9798965376994415 0.11124514569547572 
1.787462956704784 -1.4204873783815053 4.804903128378793 -1.8502182288264937 3.9605207394650925 
4.67760149516326 1.9427345783925043 0.8809709100936267 -1.5868233829048015 -0.024322695362523294 
4.640929586267375 0.928726545924041 -1.888103893309966 1.180962045967283 2.2059907576159756 
-0.9178893335797 2.365362632378008 0.4686957651096373 -1.547067230504797 1.527917364765072 
0.812393283940384 -0.2933754686470844 1.4906247767133902 -0.9433305298557848 3.038997508380784 
-1.0434449013822407 -1.779788588862764 -1.0230768772002516 -1.5505430549357608 1.2842785660208098 
2.5737120313497326 0.5173411922545201 2.578645685758432 -0.02804795603562682 4.387381757022442 
2.5390703164357857 2.1168213659912025 3.464793542884996 -0.7563356882605552 3.677848369221316 
4.154423969211759 1.6466844052138785 1.762364559139029 -0.14193915878069463 2.908698733368782 
4.4840686913697985 0.8519786864813093 1.2352610125137398 -0.5205709218171497 2.029526813230019 
-0.2989260207556288 4.249411453886595 -1.9614067677427625 1.2754056277818717 3.316936871632857 
0.6372589813031342 0.631987326879752 -1.7443789351256964 1.9854146619992847 4.855917084016242 
-0.9162886681642559 0.808729884234962 0.6738924863984761 0.24824283939213787 4.548094267207317 
0.20365768964432673 -0.8937562655012592 -0.397626538129235 0.22239997837952274 3.6984336720445885 
0.21198881917937018 2.7140393709721113 2.693578292175376 -1.5525971035610842 2.6505423124902854 
0.7407124890761168 -0.7945789979687263 3.9902927683348173 -1.591601925158633 3.9894231391013184 
2.568737890472144 1.0078526766863438 0.9785100676411205 0.3834101679670139 3.759265104558156 
3.4906935706521613 -1.1998971316300278 1.803959731554463 -0.7132705351053068 2.8681733744149973 
3.6108037653977734 1.7746705404128673 1.1733555819637964 1.0903949877159649 4.424517270393746 
-0.348222443102038 4.037576610106044 4.99280861345667 -1.2604351193505834 4.635721334823158 
1.4190052143219112 0.3940468936879715 1.4438075917464916 -1.5133557453113575 1.8544882237661113 
-0.36874707139915475 2.1221920253189586 0.8025221942286183 0.5335381726478543 4.622062075997297 
1.0445321068627549 2.433393349295489 -0.52657950273059 -0.3890665799356323 1.8252174132204124 
1.0604227175845518 4.793768225130409 1.3893322697005788 -1.557077965042432 1.0513147201571993 
2.525806222515387 4.69123848615352 3.331864745901976 -0.09912260891467373 4.05415005529252 
2.9962684812693716 3.436557028790298 2.4037227992741537 -2.477491673029184 0.05062394456858632 
2.9258011053702364 0.9139374361592874 4.065821853374119 -0.8416382831968163 4.075307442249915 
-0.7511608691296574 1.3584782561795785 -0.3963751589591218 0.12006823259348476 3.4497377543473497 
3.490992058036261 3.1925240927757312 2.4797834340167606 -1.5093550197980756 1.379307991919707 
2.96093845714537 1.75762705800667 -0.8939581879533467 0.2538182472468682 1.9786170469028321 
2.5808990269871948 2.3701945390521875 1.3590741979396923 0.5514729483240517 4.0117527472252545 
4.766695580167264 0.8720989821991953 5.091531812674056 -1.2383495949365309 3.6230593014898513 
1.0028418050635293 -0.3462702868855563 0.2827515167454768 -0.2572717501419346 3.119707036927716 
4.308697739910895 3.9486264791247483 2.840601189661354 0.6276554485669359 4.297876952206166 
4.9397209574541385 2.648534664709041 -1.3030094456894916 -0.6680484232973796 -0.463774396896667 
4.117364147058098 -2.226613226023278 -1.245197172754531 -0.2974951201219711 1.2948079074548586 
0.6415358541960776 -0.06278789726369616 2.1788799698240444 -0.6233357696856892 4.00000314905654 
3.1465451751208446 -1.4778187922238084 3.633022445815035 -0.5431237114561782 4.572264716064078 
1.8841002206761948 -0.5157394440562633 0.6305281633708928 -0.7944436326044089 2.329792643658398 
0.9080089377912468 1.0110634717679026 -1.8154665179865346 -1.8441483976116608 -0.8699522710720597 
4.20313734761077 1.6403488416265835 0.6426058687836325 -1.6372520205762233 -0.050883996715063384 
0.7086526824354147 3.460827903527156 3.754044849153561 -1.3293379889551202 3.416351632564398 
-1.5621095025570475 4.2488028577467 -1.0416076457744754 0.6695142155060629 3.5156324452417227 
0.009377491001640426 4.908332715811486 4.399389799391601 -1.5468901599334561 3.5220137634569566 
-1.8137148751851457 3.8314324759596783 -0.8373018298250454 0.8218455299458987 4.041094672611632 
0.04521234709856525 4.656535178931599 1.008558191729199 0.2642555717722277 3.7689532725751693 
4.319917069496213 -0.9710834766099214 4.410488776354005 -1.96624935979031 2.5866187664988622 
5.358380619867564 -0.14309701941638364 -1.0994024134255476 1.605861393117618 3.336157021653541 
-1.1726886701244084 3.1604920274087176 0.3815584842334505 -1.8171442732023595 1.0136300623952796 
2.773431691645677 1.013593128594419 1.616770103839535 0.29599422389421437 4.015190977983886 
2.7990682430084606 1.9854566622497187 2.557539695399192 -0.4379632591549605 3.433017413512373 
-0.8034211950227461 0.10268936698511744 -0.30587377036824637 -1.3167334079178117 1.69642064902321 
0.7854803121553682 -1.6270057929697255 0.5533882362912743 0.35677893314294007 4.506778803283982 
0.7260677448320825 3.3043274326593 -1.318670876670049 -1.7099676089095404 -0.6930870687329103 
3.0806192012916087 -0.6096190802156625 3.8425000051569143 -1.6997785350354486 2.9144916035443735 
4.3617244890224 1.687031058304857 -1.3317450627628316 2.206061437767879 4.026907873552334 
2.057161811364174 4.0862032013843645 1.9663683843201114 -1.4164603758440228 1.4614601194077323 
3.2469332123822667 1.4683254889872315 -1.2246661538082018 2.108627449895458 4.374717400454895 
0.5872393110142262 2.380623812089522 2.7274293794125555 -0.04820191178283917 4.777904588993744 
3.8951602919541215 1.170387012771551 -0.1787228058418382 -0.31830926521779346 1.4584058678983705 
0.3592483441957419 4.581731013483855 -0.7552161837322231 1.4554051167092008 4.147052312059531 
-0.7292023326039714 -0.9550647369884926 -0.6592255046816096 0.41594296268952324 4.11446172551794 
1.8859597311387388 3.0262007305509266 -1.1687055046776431 -1.0444782326993163 0.036503082898345474 
3.865448413231908 3.869107476911859 1.3706342653308492 -1.2338015097501847 0.7413129758665706 
3.0032165315624173 -0.505493102942111 -1.2027859260401197 1.1134361691129255 3.4066846596469005 
2.553931293690609 2.007471689750828 2.8104657698401905 -0.90039743128833 3.0233794594508456 
0.28887804665296324 4.061251319788364 3.3973585952640413 -0.16906679904579525 4.862898498246229 
1.840091323920316 1.8014840523119633 3.6297531881389986 -1.81237364046147 2.5655117677335917 
4.683850478275402 -0.23472688763393523 0.44079246028402963 0.1791764760778145 2.6120419423659964 
1.63018999573342 4.137488414790997 0.9445090433748615 1.2147667416080843 4.660839802881544 
0.31720012321852753 3.5061090289716867 -1.5289728026706175 -0.022063423874420174 1.6876017006114417 
4.54286113364013 0.7656350324559249 3.1621180336462587 -1.376412179520947 2.155304941424679 
1.0142224686016088 -0.6267498683165571 1.0364106921747658 -0.4874927970494427 3.3693196183397776 
1.947158627824585 2.402075309967377 -1.5147514746067225 -0.8750609428005816 0.13208909452741047 
0.03332946117537583 2.645402597674856 0.4800018617026618 0.4133113051317605 3.989507490905727 
2.6214529963590607 4.648107350185861 0.17722192540044945 -0.7295632140158685 0.8929916456757683 
2.1540293371853343 2.4108371072081423 2.6870260709124336 0.06035062817601933 4.377700487276095 
2.075339613215062 1.1705999709818866 2.6578520227521065 -1.6108170083723823 2.208066416726628 
4.81000264418177 3.282023768788227 -0.4487157741641341 0.7114529397143015 2.0514354579630627 
4.122609513731899 -0.5059620743286779 -0.5127550417303917 -1.521679805715467 -0.2733837320453125 
4.05631411760592 0.17146286083569273 1.7333744862636762 0.9682393250975272 4.795101137098174 
0.382362094822569 4.00416163126404 2.487025304425503 -1.455481104088514 2.346723822831702 
3.3245449316052067 1.2578937222864361 -1.800859330569026 0.08188549140119061 1.0623177707628275 
3.8652361803820225 3.4451529830193373 4.270613795046654 -0.775412079512481 3.529807983229361 
4.512429495823548 2.34823993480292 1.609294532729875 -1.2270956048551571 0.9877029846923058 
2.01060024162849 0.6523146343367177 1.6626594018888632 -0.7614047106686206 2.846649580432965 
0.34347104013917096 3.9232559955657225 5.008255970294812 -1.0948406260243304 4.675798326163408 
-1.7728350436938152 1.9577210806853595 1.846447959747365 -0.12569497437631716 4.909301975754874 
-0.06446813871566093 4.535988285724984 1.5273076199412663 -0.8597875276296594 2.5759651276645466 
1.9354563707883312 3.7350338218513786 1.6918975619420902 -0.47205400730942326 2.7335099308851722 
3.2995379613182525 0.7191839512155767 -0.7570898342818406 -0.041026289870161436 1.7317788873433821 
4.587009611052961 0.8230158556256082 -1.7592035471366498 -0.049283553769171595 0.5632063117491413 
2.7986316091114714 -1.809152807812207 2.8250939884864863 -0.4468015143944526 4.3178017211839315 
-0.6641238114124759 -0.34290028063578726 -0.8520480267754094 0.5663045380501428 4.058815520295976 
3.425359149034381 -1.9829311161359038 1.2816336261416763 -0.7113452733602392 2.6695904030719744 
3.421431899261898 -0.06301225077496686 -0.8617085929641672 2.1118512401533236 4.863372442477082 
-2.0103915413908138 0.5446351609593301 0.4366754044563206 -0.662534938183942 3.4829825218802855 
-1.702743198223883 4.234605493602121 -1.835957593760702 2.3157098341449838 5.374290600593582 
0.9035818875158332 -1.0879907744634996 -0.23381710712429227 -0.1691096428838279 3.0531061677344757 
1.1719583052183153 3.2896602084042854 -1.8880562438492212 -0.682166104499774 0.23876786711273335 
-0.06395456871116556 1.7185629277761134 0.642357790795359 -0.3600737069881925 3.1959599999777355 
0.6165519638008332 -0.8966194941518753 4.557251172459338 -1.9431421628305257 3.944127232556781 
3.4684277762575 2.5669699892762043 2.1000959315393994 0.7343708603686916 4.4664354130960335 
3.923649839080338 4.794175085190352 0.4816418321355973 1.1333401072889822 3.3296889928817013 
3.2740160876363174 2.9538921824510584 2.0949762798573515 0.3930239659280206 3.9636576079112555 
2.31693121068866 0.9897811078413332 3.1664101692552196 -1.0826696922402186 3.2813431465779077 
3.0631958169528613 -0.3649108343228076 1.762710450944162 -1.719078312144965 1.3772927126429768 
-0.3326622257097014 3.6148250310984693 0.43692959715279067 -0.07911058725959164 3.1910122716911147 
4.68487361224176 0.2820263028559806 4.143004326888601 -1.2422209988194286 3.0846455634196746 
0.35276928151948206 1.7280794484495556 0.28082056263721245 -0.362327372244837 2.796589041000508 
0.19230143821896806 4.6259832348551875 -1.020933918931061 -0.8283953877209216 0.7180375767340079 
1.6147046660588493 -0.5458105489236298 1.7100488443494228 -0.41989062048934844 3.7275919755561353 
-2.1080996066987487 2.1690008634418434 4.818792009745467 -1.9063657544141637 4.51791152315422 
3.250111434605998 1.9993434666879448 1.6406775897871375 -0.6404427261393697 2.340603310342174 
1.540637872676089 2.3935961195846263 1.5134328894697786 0.4227566892179695 4.277987645793331 
-1.922086220558458 -1.002630991917242 0.954483044206401 -1.2104044060718273 3.3193874646469252 
3.067217164313136 -0.1588673396098752 0.043273165335675934 1.2499328227325353 4.397755820069812 
1.4653520498073598 0.58518119720312 1.654584241059702 -1.5152917261383516 1.9494228688438686 
4.3578749048632215 0.9194504512741475 0.9957754884721965 0.3103262557431612 3.086302093064126 
3.11054468716263 0.7713767995733825 1.9353748073168495 -2.908774234346728 -0.44176107592184377 
5.458985662388567 1.7210198946233741 0.27336838971808675 -0.8410234348133259 0.40115532971623535 
2.4359066804478626 4.195366025816087 -0.15886881023329624 1.3282430648664572 3.765293647981186 
3.9789425564564675 3.1430441451596933 -0.26148040075947443 2.094982419994249 4.478898741406865 
3.5884112646587 3.061966705168504 3.0638829960440743 -1.5315219471119397 1.7520416815633397 
4.63498693107416 1.5507046150511103 1.0530571348809368 0.5195687362116685 3.217862418884305 
3.946921086822809 1.4147656967974425 -0.7096322743618932 1.3556893128841367 3.4306610062888305 
4.596623905171352 1.4486130291084844 -0.7599090413964542 1.988304676885326 4.083602859524457 
3.6438617951078065 -1.1755775795695986 2.350450567002635 -0.3769803392025135 3.6829131195919755 
-0.29016421535425896 5.033676528359765 2.4369322810495078 0.20592833597040272 4.7357876894220325 
4.188371289247799 -0.6778518986293598 2.2381934667015013 0.3974378467798161 4.444332934252613 
-1.1873393541321136 -2.4163473070314003 -1.9729369931129528 -1.1776774267618229 1.3168462982712414 
-0.9560449255401129 0.5073826507736239 -0.8989211739344289 1.146165358544343 4.799195645318308 
1.776674013303318 2.9730278358671773 0.12104295763514017 -0.8150198397362087 1.3247282972684529 
0.6369835674956608 4.658043052532608 2.7728562747689907 -0.9270928011448591 3.102687225622528 
3.422891427153389 4.316635326119504 -1.016682821052019 -0.06036441758174771 0.8079028617526856 
3.401414947111939 1.247360600752416 0.5898525994404384 -0.7626500040248378 1.5119550602802423 
4.872316913767475 2.868854554022832 1.5480492934675836 1.2894344377709008 4.351101630634233 
-0.6308762595684603 3.2997378057629048 1.1044124485477518 -1.980290014351916 1.083169908585275 
-0.6430601813856656 0.42762685229769426 -0.8543847457852387 -0.058090847941327795 3.0070551544709203 
3.453123462063531 2.68532265911671 4.934244875631498 -1.2268665585239205 3.627932021893355 
3.1602411150035614 0.2927201300790987 2.486587124287611 -1.4292782832185182 2.151221046158332 
2.304696051552914 2.4302274541146662 1.6109542210911876 -0.843364371039925 2.262086662390737 
1.4345047962982038 0.7222100139345637 0.06106345220162601 -0.8058339183984504 1.8297888252508692 
-0.483634843487059 2.76427376646522 3.21952068354551 -1.6738432988651033 3.069837247723018 
2.4974724727120297 0.8891675766943528 -1.1590683908934152 1.726941840788812 4.229255191736334 
1.4356632339099213 -1.9298184342645994 -1.7650120039560975 -1.1324607857481694 0.5636686786719007 
-0.9583859067807532 4.7300127760722575 0.6120764384176987 -0.31743571658184444 2.971974029386098 
3.435610374213123 3.462619667948987 -0.023776446865512835 1.0607701823750701 3.27911315784874 
4.202537377329744 3.8050382800623135 2.2738714796219464 0.3023836793487895 3.491173982775881 
1.0480296118068917 -1.914019639793906 3.4883244233602055 -1.452968765347262 3.9408296732395782 
1.5175172565881325 4.888366483401038 -0.5910745244132478 -1.786310503634257 -0.8482094774080584 
2.4687694307431665 -1.6753079472928616 0.9477833649243141 -0.9766950449992733 2.3131633286071143 
4.087759074114984 4.356431599341734 0.4461535122460487 -0.1375262509498194 1.5014764705720063 
2.0236037887411498 1.8264361197233425 -1.78837191637425 2.842066486442098 5.373307909381748 
3.7900400381097197 0.23774758787235473 3.73792816021704 0.03677838423011148 4.946741633651782 
0.21592513561974203 3.2288504640491125 -0.5422185346704513 -0.14547855649983799 2.2926704621675 
0.5429212862876791 3.6949874697393374 4.73031446792737 -1.0197880304593863 4.5635157460838105 
3.7808958682456595 1.0162876798904927 3.2949485099095925 -1.6378661541614474 2.079916630063326 
0.18051020518812 3.201552429796293 -0.3888883860047039 -1.78871897248069 0.051632680812404796 
2.3439415251568834 -2.0404043530957363 -0.3343095371763427 0.7586151459074242 4.015683723786221 
4.885031521558274 3.1482159604718225 -0.18187414406882563 2.222294855224983 4.415511828261007 
3.9821073880079543 -0.5748375834505637 -0.8937061431934807 1.1788965399172389 3.4060745090592377 
2.998185915757919 1.14026696370136 -2.486428824749393 3.0140727426450367 4.930975855017797 
4.118533861756898 3.938199482514853 1.3923962973081554 1.0945620741079773 4.011909133586651 
2.008880115483296 -1.8669788198672126 4.324581712794031 -1.8401085896392373 3.645250216502741 
-0.7529256826054407 2.9661274956443977 -1.8569410878636259 0.5334767184074067 2.713274560194061 
4.2776388213787 0.03246352014197096 -0.721388792401878 0.06560742502737149 1.7127856653103024 
1.6091566521310579 3.500592114932661 -0.0984155108465159 -1.027174921852087 0.8214370533120143 
0.4868005138152287 4.55777309697787 -0.8796751013131221 0.7888259882625026 3.0611759147417437 
3.0785527889531874 2.178765350720929 0.6948895993609616 -1.682772917607923 0.1951378378718973 
4.78290410171868 4.441020790912103 -0.901026439689308 -0.3439135057051099 0.0046669889823762745 
3.038657130657649 4.227097016307679 3.732281000998306 -0.4152759857281856 3.7976286216323745 
1.3240257214907791 0.013492610345039902 0.21189467960797526 0.3947428649346312 3.8343880875733225 
4.680105472847223 0.5928926296224923 2.487353609585243 -1.424555448546199 1.5956979899857746 
-1.5120955523452788 4.478964452803481 -1.8284434136301078 0.6489508282409826 2.870305408003249 
-0.4090399576533046 3.3178804405413715 -1.2731557678317857 0.7698114437308197 3.285740638408713 
1.0676931120257946 4.299679317976989 -1.4489539776877964 -0.5535891782909652 0.5804755581271788 
4.503145022373021 1.633695816011521 0.07326638064726998 0.9969614349111025 3.2414115060881956 
1.6862436473514686 3.095449220464923 -0.37167373372105206 -1.9640208332603537 -0.6706449109893191 
4.689852701019431 2.679062803652183 0.11892209500450646 1.0921156287930323 3.1532083742389063 
0.5368255785951135 3.830014640135807 -2.411909480436543 2.1112209185411484 4.001967735900095 
3.990842972618216 4.9343626201008695 -0.7142046379699547 -1.3224434424025855 -1.100238064216918 
4.28528556848077 3.654599287865443 2.3640427359336984 0.6282448213693441 4.024586946728375 
-0.25987370126368114 2.515062528189823 3.30645429107069 -0.9656082796387535 4.123228314655498 
-1.1045346082729737 -0.9885164372871651 1.7610156323016826 -0.8696529860888982 4.104932331241222 
4.16039458986464 -0.43876670254287564 2.6017515633800543 -0.4196961410835027 3.489436942854006 
3.113056765882699 4.349879980791104 1.5109676893177628 1.2782925074920926 4.618859570374249 
-0.790984673726872 3.2083249045282605 0.5781799566636567 0.42422472971697345 4.244084949296269 
-1.1456947193904636 0.03445230155306289 0.9035188966159402 0.6926731169943954 5.5713221886771525 
1.0863423131660468 -2.7547110100821808 0.7656780378790811 -1.0660837425439023 2.718018392483616 
0.6413091021480972 1.478461667407344 -1.1190184808058357 -0.3539044726539178 1.7698536672078353 
1.4486677493848823 0.03424625206788656 0.6643440835989733 1.2986741070657155 5.410269290320917 
4.415996241825326 0.18440176486344795 0.9169351179634146 -1.3746737754193787 0.7220794443393215 
3.3070242372524703 3.9518349202143357 3.4623833011106804 -0.8130066711335342 2.996067838216625 
1.6675960912400185 -1.3850914621302668 0.04579823404178551 -1.3637138941416687 1.3313965165429769 
-0.3744931014168742 4.574879336265505 -1.4793230949872374 1.9256228807635938 4.558354206773011 
4.755869385107275 -1.8401259207778549 -0.2057887572770194 1.4145896821627764 4.209828678467128 
4.577809795613835 3.7453396093835676 -0.25724757199175374 1.6802738388364116 3.572908154117491 
3.8029911321639682 2.1767574100182587 0.36208856582771665 -1.989367343588455 -0.7225471388584401 
-2.3712462934046554 -0.4504846122483035 -0.6886432368154842 -0.1390064059805367 3.7476110747570077 
4.622373575490774 1.734208591762828 -1.4741115300913235 0.6409451348320094 1.5767008286002386 
-1.0149291557297366 4.529891277708814 1.1677759761361817 -0.9279519728553547 2.5417030616725875 
2.576837438160776 -1.5104576748328853 2.5279687830333466 -1.3477358130923003 2.8288196962781855 
1.1080803679813354 1.9749614979552037 0.5846109049001746 -0.765138037519002 2.1332200432474386 
1.2904434328763321 0.7074430637327911 3.0786571519525636 -0.998727845489044 3.735313736617778 
3.8390707580000707 1.6425316176739642 2.871542991413733 -1.1986480194872124 2.276955259527128 
3.439994264826841 -1.270557788587519 1.5533106154349254 -0.8192635174472831 2.5684423951678887 
0.8617206089012139 3.8674847554755445 2.6782939746406305 -1.4387834514589715 2.3716570427443426 
0.965614003244152 3.8637496465931345 -2.1926074423035824 -0.9589636277680709 -0.4135097217780628 
-0.747885265057362 1.6514214720448663 0.12040739643056675 0.7628104642121964 4.68439813031374 
1.872708283185654 -1.4012353874626118 3.870213796198846 -0.959171311617955 4.551019481371548 
0.7320296990326078 -0.041355473732675785 3.1900750863822838 -0.8745171588149558 4.318815414598029 
4.039117296016177 -0.4296912065724785 2.7829866240682124 0.032032665229705604 4.3065484487279555 
3.9563400989715136 -2.321864306761962 2.9270818182747833 -0.5453123047892738 3.9577317271907306 
2.102568273939336 0.07372464737174078 1.2879167957241662 0.5183414749988333 4.5018001425526455 
2.6910658825202414 -1.4103899331741283 -1.856628783722702 0.6296871526909149 2.5209242451197413 
-1.7736914950814056 1.47494254590706 1.090908332946035 -1.9754438687772242 1.802251917392556 
4.923971346922679 4.068184420674968 2.6979936182329896 -1.8454118048562647 0.40834702444498205 
0.0287478426105765 4.828911751697309 4.320891573829594 -1.661415615799859 3.310021471444151 
2.5299496391676666 3.2476995220356786 -0.5378170488410678 0.285753070476515 2.1419039745675077 
0.7409554844654043 3.5513285194040947 -1.0169453456465023 0.7889340917864636 3.067523970150051 
2.9847930927549142 3.1004748081510165 -0.7180779551953147 -1.9737151502562074 -1.3632581784185311 
-0.24858196792404574 4.575723936736071 2.2099131282625146 0.08901534765001973 4.478767695640915 
2.1881197967420682 0.20063313494694102 -0.7006843488585006 -0.5981149036398405 1.4368937077173176 
0.7474042722963699 4.348781208227071 0.04358285914865667 -0.8541772477264495 1.2996223904589987 
2.272794345570369 1.4489634057029828 4.734616043721419 -0.9029448091297865 4.577505932742354 
3.3189029606082525 0.2879056353062852 0.8577593171866447 -1.8754480651454792 0.3054763857590297 
4.711627532755921 -1.77368527632951 -1.2937647426966006 2.04700845153213 4.353919831094217 
4.067404286659704 1.1376259535254465 3.909029857711129 -1.3434969422077399 2.819573209242982 
4.059534541518484 1.1186682236615966 -0.9945579015188424 1.7643118087667968 3.8357793663693025 
-0.4529188722223896 3.178004853750984 -0.5513643703780469 0.4904401868717785 3.434282702876371 
3.4651061255637403 0.9278893902779906 -0.4285232311417486 1.6869388850637148 4.357858714199583 
4.8438747899853 -0.2631506943054891 1.8731853396377915 -0.4666996864577373 2.6460477123405353 
1.7703871063498469 1.3810431829616576 -0.7033119282698275 -0.7915499313253722 1.075155625148413 
2.024746402634139 0.23241223353211216 -1.6308612645786122 -0.13399183187214425 1.4962441060945708 
-1.951207758040618 -0.8555234432169381 -0.8996824764972471 -1.860032010105483 1.055884557802524 
1.251113270860214 3.7888225399568256 2.763437640646982 -0.8153909288860322 3.2143930474640268 
4.481399337502691 0.7864654308743433 1.3632086799325829 -0.8738938288619886 1.624341426836764 
4.081703632038463 1.7515757208683314 0.6302440651339698 0.1468187706935229 2.529216812438494 
4.337852279527948 -1.9277168330887502 -0.02140584407975976 -0.18021896825188333 2.199257060356011 
-2.133642812252175 1.8086277561279995 -0.06073041713868621 -0.8560323843227775 2.658102476965165 
2.0486751490520754 1.3666777984960286 1.7593740331365149 0.5495670135953219 4.656679889359251 
-1.3259456660652236 -1.4629506785718223 -1.3052533867553167 0.4362870968307788 3.9808879593044253 
4.738964770168792 -1.7105767918060533 -1.8118001337466194 1.9555446866162467 3.8352701631936523 
0.6978079842461846 -1.8922114190479369 -1.1633246087688942 0.9501562292539596 4.226752802376819 
0.07049498986299896 -0.9358906195034518 1.1806973962568854 -0.5322279743375196 3.7792234068360813 
-0.2112998170540772 -0.1508087798346689 -0.521496119717799 -1.3601862699753153 1.3313820372773604 
3.944776316386979 -1.4808182911541454 2.881775203384505 0.08715150999328136 4.683391897644652 
1.0728164521022467 1.265529782433588 -0.7213386933719095 0.9339677576078296 3.801382350784686 
-1.1040244775495789 0.5531279631441897 -1.475100499279081 -0.01363679518234484 2.762654460082917 
-2.420811233286601 4.205239912537985 4.825680469410157 -1.8731901108763445 4.294788851909762 
2.561119290742689 1.7235710193694287 3.785907784722845 -1.9863172905256945 2.1996196204493073 
4.573839753379182 0.19733456973191732 -0.44851008648227486 1.0860486688676123 3.2455526097901934 
3.0719747709143617 -1.4274651991976441 3.973551948864598 -0.9964833780685116 4.175602220268958 
1.050009447120439 -0.022134748618409805 0.937778614776483 -1.7549922882445887 1.3496560991130586 
1.8898885706308122 2.0491845826030755 3.6599503643713245 -2.18604909226353 1.9859515237081884 
4.562064537537667 2.022950470632834 2.427768160331233 0.7789796218081748 4.499122715233121 
-0.32416923295543265 3.2142189815942643 0.16000077767873266 1.0117319615249274 4.638097223636773 
2.4114007400667985 0.7705882064061591 4.750064431534398 -1.1441313288136576 4.321492495455347 
0.8999051501381543 -1.3571275276833332 -1.4771977532561706 -1.6224734201605853 0.13303742645754202 
-0.5310063131708835 -0.040393178314445555 4.358581269470416 -1.691098265439766 4.389476669161355 
-0.4713427452511194 4.55560305382467 1.5679731338768166 -1.4025616026466299 1.9550911816280274 
2.120238580557771 5.740596090273456 4.264121729132072 -0.3170710553970455 4.338329845989009 
-1.1304445864282555 -0.7847673742667054 -2.144518173546096 -1.7073275706432445 0.109348821268199 
4.52377378491598 2.4695721916321416 -0.026424847535814866 1.3809291015473386 3.5609087273712303 
2.6949216837342354 2.7169889723406255 -1.9180496784408676 0.08014641367899289 0.9145522935307566 
-0.37987203992447927 -0.13760913729718927 1.4182287687986777 -0.5099901090585912 3.9801482828660797 
4.909999251843294 -1.8329241674507508 0.09022322937759686 -0.2749852940302917 1.933278723764726 
-0.45834393637679427 4.147546901166142 2.4631976643782325 -1.6231485285118752 2.3419061899694853 
2.1173657308773945 1.422690267726709 0.2837867887365104 -0.3249666224842853 2.3214537042464958 
-1.3524176067233435 2.8355536851661878 -0.8384019610187028 -0.5159870607290438 2.1459689901033725 
-0.06499943761787574 -0.10808368526617906 -1.7541800558242953 -0.9043700520838851 1.0597587329282356 
1.5262043013460298 3.546043984989404 0.735021504479058 -0.1999744460081554 2.620765439017979 
2.859187705472058 1.9107534188321242 0.13263114173050505 1.3113884469646582 4.232357315950281 
3.833940007550906 -0.5274793058072842 -1.0639306337816765 -0.4075749619934437 1.0416972443535322 
4.641946450702461 -0.8455652756704544 -1.7816605235061918 -1.3684973481731892 -1.0591837148875585 
1.7533561845410972 -0.8365864408182788 -1.9413834770477276 0.05405468271535385 1.8376686715942294 
2.7602666124728517 2.395109497081816 4.338714584689198 -1.0142692586239783 3.7983546589566144 
0.923047814604701 3.0925781156974814 -1.3435648895918224 1.1423359893533633 3.370507701624226 
-0.30241200162647 4.357787225866728 1.8776739573979635 -0.004053756280981258 4.1683027989713 
5.215530889230212 1.9183401357130963 -1.52764884933146 1.0028025001674763 1.8278739671859623 
4.896744237407857 3.1433966377148357 0.9964385492582053 1.1069382954832552 3.639162875743607 
1.9480584200614057 2.9178295387536455 2.8676289632436465 -0.08465665990070237 4.2705372207032966 
3.499504978974786 -1.0564966085536285 -1.9530986828293608 -0.7204423981926795 0.17302609224547272 
0.47754355780291546 -0.3316623893394395 1.296750890321265 -0.7959401024037844 3.233028535947348 
-1.591521655405638 4.391111305811858 0.3073869722695788 0.12551684075532266 3.6688029871591676 
4.393077547935491 0.4319097678475987 3.6124260652435147 -1.0032497236473785 3.1233199007153027 
2.5790623024226167 3.082584326491636 1.0048308957622558 -1.2732187437695994 1.001499223098178 
4.462926540989063 3.5185143248462962 1.9981962003869496 -1.4129137798248268 0.7930138233400856 
-1.4495939902100796 -0.11265130008681257 -1.9087100718381615 -1.3827840386430776 0.7241460273167446 
3.9574726295493243 -1.4163243079888477 0.2694538727468174 1.3921277650395276 4.700293924042268 
1.5409485551381619 3.52840612078801 0.25398455072156434 -1.5725061476509248 0.30279199270355117 
1.4657879814526003 0.2790415433064286 -1.92120922012956 -1.196882846183744 -0.06177042301129965 
1.074536385609204 -1.4762464760343357 2.831455789265518 -1.6815371820315397 3.0568293330539156 
-1.3195655936392843 3.460821975141378 -0.7129882320588916 -1.7478224782903264 0.33312098153959013 
4.355157572022081 1.1800524301445823 4.23011606077073 -1.5421010605129346 2.6564989523856823 
0.9040002250881705 -1.8947303309245163 2.9879000615279083 -1.1044512372590871 4.133371461445008 
3.4345022520462383 -0.3520190845194917 1.0273414141490989 -0.1750358995877137 2.9546497071080857 
3.9409612668540244 4.606103661578988 1.401245729177909 1.4576110305216858 4.47568060935696 
-1.683209465564558 4.864094172665229 -1.0509204104873815 0.1836141152499744 2.7348522518440124 
4.016574146461067 3.8839509622890294 4.028680980824363 -1.9030308180965463 1.6026855781979303 
4.918749602134334 3.3401805894818857 2.4457644246850174 -1.2398395302127405 1.2398790601441994 
-0.8050756874474514 4.496346962875329 0.28706021892549316 -0.6587365665337788 2.2433802777726797 
3.8520549091889604 0.3151882259475991 1.883963110975405 -1.1355505636243206 1.9130835982438765 
2.8724191980197498 2.5801787697669187 -0.9245409758050878 1.6654330005365505 3.86572876378255 
-0.6986711650847526 0.7321983915773265 2.367765241721399 -1.485712743474096 3.1901928494626777 
2.920324998779403 -1.719939032766468 1.133319192903543 0.7531241436008276 4.7929751066351365 
2.547307610150595 2.744477354772349 0.6511069197384312 -1.3858432354247148 0.6632594024434282 
1.3330560912946354 2.982951189210105 -0.13056783744066758 -0.10630222017586988 2.3134093603482384 
-0.040035211235461166 5.458502808005138 -0.5079165865188306 0.4837778253144718 2.8919543029229313 
-1.2184558022389245 -0.6447289115957056 1.0037646808399874 -0.578254114649265 3.9633452565734437 
2.35372211644622 1.833052575475613 -1.7976082346804276 0.48227076020591086 1.8574220430069097 
4.655385351908569 -1.801321424664362 -0.6336991297349062 2.012564561473363 4.794947247653146 
2.592993859594957 -2.034939514384061 3.5664362793859157 -1.7890742615782882 3.0196429149592445 
4.019432593131777 4.651960435910938 -0.5427081835126029 0.6722936005854896 1.9364484370234136 
2.7114747325988615 -0.19259956387660804 1.3533406599152764 0.048720345694941436 3.7187310161625264 
1.413085007898535 1.894568609960384 1.1273502797938635 -2.0984366796411695 0.510230534117321 
3.3684726883014307 1.8247593901779497 1.135275730764385 1.429972465658691 4.958005684403945 
1.3755899965646368 3.924978442098043 -0.41438214849303767 0.09809863708249678 2.217185330201408 
3.660729629353754 4.13183972211467 -0.5329476737476524 1.5137946361277415 3.3717284970637857 
0.4914266821065758 1.435527250982208 -1.5440933377679122 0.8412194481343382 3.2484182816147653 
-1.6231370623107102 4.805346292509316 3.068620007507322 -1.2940906008867736 3.5091750323012247 
0.27500197705454865 2.0298031047918803 -1.4786281897805045 1.6988665778084897 4.490902242387937 
3.8149561659018367 3.7251432281196584 0.37029493137974834 -1.0305208248053674 0.37071054129073744 
3.940550273910576 1.44049716459955 -1.2531069124008234 0.41749630493491363 1.6935720183724956 
3.000985949419504 0.4375449060786798 0.9192956908911678 0.8216715848823268 4.310867754631614 
-0.603002809732101 -1.4893917626928455 -1.4531748164199838 -1.5475581417793745 0.7837143248481402 
0.38203326624336764 2.1236175940332602 3.393494194511974 -1.4366872665905108 3.365493643721999 
1.9617012691639248 0.26296099942626205 -0.1482990381533449 -1.1685002693122086 1.069298710879733 
-0.016230154262246943 4.5594246583536275 -0.610004734420448 1.09506188343158 3.860173469329651 
0.613846314609088 2.7375994413344467 1.4076921521751022 0.6297902487544158 4.745933764548189 
1.6687132747975113 3.4929443958904622 -1.781581701689564 1.3529058370457177 3.04092836498441 
4.032126331374977 1.833037560015767 1.4240589370751369 -0.8542676331706203 1.6499718749107608 
0.6586043332061542 -0.6756777806301959 -1.79045680219029 -0.8039881530688691 1.0435739072043662 
-0.06497008920874059 0.42295729552593553 -1.8243649817386234 0.08808899880975396 2.3405393654613116 
1.1531790881695936 -0.4527490487114503 3.52718025042485 -1.7539577339471077 3.2269139251770023 
-1.3295665441601 2.6177573004374284 0.09095255981313488 0.049037195806079126 3.6494924943910694 
4.208955681907968 1.6146805568464773 2.0728290029357077 -1.2626507373501232 1.5020875307796717 
0.06904568342724193 3.8156359022529256 -2.5663936889463983 1.8475189165591748 3.6715767436784548 
3.8823945455883866 0.1495999182308403 0.10735237478183146 -0.7927552843709098 1.172354242640937 
-0.6460275328462606 3.7279246161641013 2.7535825655227426 -0.04035296190355764 4.967203761270984 
2.1804260875828123 1.8379615049560805 -0.8138067548341148 -1.5410113279980813 -0.3040519721947659 
4.795556870729885 2.6298612756434236 4.7179075447168435 -1.6317033553147282 2.4549306086319387 
3.879056488077099 0.18522127943567002 -1.1600783358183113 0.5409454507156055 2.1915678189798644 
0.588858442536051 -0.2517926501167316 1.4918048161718334 -0.4943934903450713 3.752940213359933 
2.867655550612099 -1.3446841780808854 0.5331946209720089 -0.30226342176518495 2.796627071119026 
3.283305498196114 5.019068120599171 0.9079127931378728 1.3332748412619613 4.0901821343368905 
2.2571705539670095 2.400556346554276 -0.6755155214752739 -1.4066382106749988 -0.14342667357132743 
4.650304515695597 -0.43604301219403974 -0.9499432646902934 -1.5165568551125355 -0.7638838845374971 
-0.45218933159515173 1.388848645673956 0.11713317589859495 -1.640902448247889 1.171203926348662 
-1.661633436402156 1.1559449415890442 -0.8625867969355321 -0.7180140390709926 2.254501237106645 
2.9090159092221866 4.642244015405265 3.5379503894080395 -1.7767078079385685 1.6654070534303096 
-0.04395763570949418 4.489747928619055 -1.4539643034060183 -1.649468658400535 -0.6661403471902014 
-1.7928752422906769 3.937075686260866 2.6298390413341037 -1.1979344321319818 3.5560276510836593 
1.7405742869876966 2.575336108249786 0.5695764174702398 -1.5000890138791263 0.7413722690897397 
3.2022491758793485 1.289341863416754 -1.2585162376372143 0.8826713177472887 2.6337472209494726 
1.554521476986821 2.5199542440358957 -1.9754392891532675 -1.0893390739780073 -0.3931392970792569 
0.5448486090531564 0.606328005290347 0.2871315705539419 -1.5608964369141816 1.2205279334771237 
1.0076513496027042 0.3898220623489632 -0.7525136442786908 -0.37308407317771564 2.082296584887123 
0.9388805756590111 1.7957618595724707 2.938321052850158 -1.2432608468085067 3.1979563143366736 
2.0542194054526037 2.7365819967652265 2.7530514898008187 -1.5242263031896035 2.114941039831609 
1.5702904169032952 4.517264607041079 -1.7359447621502453 -1.7785142498813573 -1.594442069876282 
0.05278064602682675 2.3856501328892623 2.6938666563609934 -1.4104910687248093 2.969632716603955 
3.6731952718672223 4.571644472578916 -0.07977107413419016 0.18847350104296368 1.6972579038515985 
-0.3493841793560688 0.3612746523774193 0.6643917373228323 -0.10074320535473258 3.9334409412272073 
3.3122557830515573 3.8501690578601933 -0.1958281523892682 0.7077543238169921 2.6180249588620166 
1.602999066643427 -0.13333655593868632 -1.7931610960102886 -1.6757920918084257 -0.6297777536449289 
0.1776830358769772 2.5973834199092076 -1.7301058260583289 1.0848102614494937 3.3553072138426567 
-0.27056816351921675 -2.023269812467449 -0.19037231910518138 -0.8418745191108903 2.6811960394381384 
1.3028926846490245 -0.5794046418751841 -2.4811917918812796 0.1766994303523397 1.7347528558733345 
2.5314906302918008 0.9548763851094135 3.750451782035997 -1.8510764665074575 2.5226084000450957 
-0.3494818645265316 2.074804531102737 1.0541598844919664 -0.070167448586965 3.933161416363993 
0.4443537117890215 0.41974231228206427 -0.08605966488360828 1.3766743909723733 5.254989991558646 
2.349728585722123 -0.7507767661938003 -0.8677100452923363 -1.5651447342380742 0.04995834384149056 
4.73242877713061 1.895643480051965 2.8076562171595256 -1.9089035598287554 0.8640081556240906 
1.0346185806131107 3.8175529680468685 0.24538923938947121 0.08886600424623725 2.803541303665117 
0.6568522861092365 4.225802143276127 -1.1622974649703064 1.3556327298382502 3.683060348692024 
0.661048746615124 1.9673205760383543 3.488265694363373 -1.4297003434829456 3.378691833753564 
2.4074421747387884 4.182839627709866 -0.1789356576225194 -1.7626908709330544 -0.6879830138103455 
4.824218657099047 -1.7195473692044998 -1.4805423499510053 2.3026585465343423 4.542511860819069 
4.79035943999839 2.588916553643706 -1.0734470234457338 2.2682512491258944 3.987580094996784 
-0.5096786535228246 0.4547397350742972 -0.8873575574320389 0.4917957611637238 3.726001218214411 
0.5026778534106588 5.5037055114182 -0.5188858065060213 0.10184266384690988 2.145149401346239 
2.019899717496037 0.8854588959769063 -0.6129880835854884 1.4576572010827626 4.387107887893176 
3.740231817307039 2.2035192335514067 3.6140329626722925 -0.3836797194815986 3.9033150233892595 
-0.5821854207062935 0.42577391581618773 4.716557176167399 -2.2440386118590423 3.7763088087029195 
1.298155837886134 3.7965333898719393 4.3369462586531515 -1.8338959734847937 2.84257765298692 
4.379007951071437 -0.7577500562409478 2.4383265401960372 -1.7134094450316144 1.497623239824116 
0.03598974354810025 2.4090680720032376 -1.0750041517689988 -1.544294939185162 0.11484046977325835 
1.3903799068844105 -0.5655383165119572 -1.6435491352009715 1.5676654173993656 4.298079190971934 
2.648142804883239 4.89929604583289 -1.4888067173078756 1.2698107662806128 2.5391702345219667 
3.9753478276589798 0.5641239510701759 2.135839186371957 0.35175646368207225 4.145454471758517 
-1.5640867123000466 1.1174756150367227 -0.6333807856889071 -1.313500467968563 1.5337420174161736 
0.7240152715144061 1.9831150029127067 -1.0276414263635154 -0.43961533139309594 1.5891557437077877 
3.8028402810080593 2.2434750661808263 -0.11592778276049631 -1.2626161181775695 -0.02646569342925642 
1.1696937962846725 -1.4957685314377147 -0.36760278817800685 0.7468486337649787 4.264923593042165 
0.796850622023257 0.5617379717041726 0.03295323613752443 -0.7661290230376832 2.1095126302655487 
3.059959539401383 1.263314081947801 -0.6790514495628881 -0.721220966211241 0.7857735265142569 
3.339677803398108 -1.4040814809123168 -1.9568846530451323 -1.0692581157860879 -0.21358735071526502 
0.8927672678847085 1.8791300451615507 0.7292916640668539 -0.7676921760768654 2.3215230631316492 
2.973250779957552 -1.3082429664553283 -1.883944939213544 -0.4528212611953766 0.829748805378802 
3.2005486603184052 1.1576966740943662 -1.238462564449509 -1.3129292325497497 -0.48886241521809715 
-1.5688929593009615 4.420791646865742 0.9045955687006559 0.3964694617338953 4.467982485946947 
4.042180115050552 1.2330995502603883 0.7983752005972284 1.0319046334050515 4.032458331462504 
-0.9120281958340812 0.3994760283135932 -1.4531897130685618 -1.476478558710879 0.6365071944713234 
4.090593195689133 -2.148447771843955 -1.2595230232221861 0.8188743877822189 2.8867167813318257 
4.31203197334775 3.175145976342013 1.7580167229802588 -1.64876467841443 0.3980749553077605 
-1.4695766538242143 2.6938122603471975 -0.9963162913777992 0.49250145815093926 3.552115147389822 
1.4506126103348924 4.610297179872437 -0.37325299916778665 -0.7305226333036634 0.9002176519670015 
1.0793648407453305 1.9929019198155502 2.425589404504729 -1.038283056177026 3.0471422156790853 
4.013465848463891 0.005706596574531986 3.4600229792775856 -1.282845689300844 2.8188217691648023 
1.1757342509713171 0.5844919412479777 -0.4282722216361299 1.1285180702949649 4.381423851755488 
3.0803760650357206 1.9437824704747257 3.081366036699402 -0.7110179756761748 3.323930165280574 
4.348827618503151 1.6778767722300412 0.715870477701513 1.401734387542861 4.321814665977522 
-1.627048348443235 0.1100720668762869 0.891800023446583 -1.9418023319295072 1.9156410552219842 
2.36089125592689 3.6185602150234693 0.123436275268892 1.2698283157847285 4.0133347083223745 
4.960845961157382 -0.7255991236086179 0.516708814590952 -1.3948322599616199 0.3984275685707692 
3.9837549900956257 3.5000728577858213 1.6094098727161796 -0.00038510548750947393 2.715594218794254 
1.9096254601831175 4.0974565864457775 3.783632771529219 -0.622718173818706 3.9355573097164642 
-0.5595491310177625 -2.0845270947376817 -0.3317757008785289 0.10234185978126642 4.048540192659599 
0.23572105220615303 0.7685881118420175 2.250400806626637 -1.246062963356516 3.1337603242534913 
3.15957051124454 2.347382542604704 2.3761157189037014 -1.419817221509687 1.7031665333753305 
-1.4636999303408236 1.2017795388695622 -0.6906102202144511 0.012725479302170495 3.3538688998959785 
0.8299321834274584 2.5625748697264115 -1.9544950624141726 1.9232295402497437 4.193245636379799 
2.3712272956891924 0.44810119227462875 1.6504618041706576 0.38103941524804696 4.400886294274922 
4.169148347303613 1.2261452905792203 1.622654575707828 0.9491476885078396 4.454876765365276 
1.0566450556015388 -0.4723059451731164 -1.934024708789619 -1.728545104934243 -0.5599160440843451 
0.05918850462955594 3.87649903984349 0.3698709748955009 -2.620732616172986 -0.6958514469713863 
-2.3176763294910803 -0.2840907869180911 1.2235960261750334 -1.043299101076637 3.747799484105678 
1.578606439249428 -1.1821547970747819 -1.0111001951546799 -0.7746162656865698 1.4245440442893915 
2.716445659469297 3.1051870259082532 -1.6931276106659081 1.4214241459471804 2.9253088712769895 
1.273356313694618 4.572247221333522 0.0951401603977362 -0.9139730696941515 1.0330006097773727 
-0.29919092344586784 -1.531690140184291 0.1622638811161461 0.39985336784361714 4.636159162344149 
0.9398780710817094 0.3137484998315223 2.7185166283003994 -1.830868723916507 2.472770797084749 
2.6135085186109333 3.6781550566084995 3.084258605401468 -1.6856889927607213 1.7544494175402006 
2.629721735344203 -0.1607795858352261 -1.902836708871293 2.41573838250369 4.847451549835002 
-1.759121658381685 2.23040912278985 2.5667052990729777 -0.9266182184440361 4.2095170272001265 
3.3963541649041904 -2.3142500348123827 1.0504922843134783 -0.47516806197335804 2.9180305591374043 
4.378432911799243 4.899308043086132 1.2451176570646876 0.43974540383488137 2.6991047846060305 
3.1589191281016724 4.095639324898549 -1.3511493105191958 -1.6083955233874647 -1.5283902558587932 
1.1591826688623748 0.0616267683538938 -0.5266217598428136 -0.7258425021108972 1.7447312798546004 
1.5067681700171505 0.3481214700062567 -1.4218477238240868 1.5605686555146518 4.235266279717445 
3.1712519625729545 0.29672549498882406 -0.0020661068954161976 0.4555200701349009 3.1019281123491376 
0.9121781204606434 -2.3146083109460953 -2.8743372980963033 -1.7895763549850425 -0.9201585028980239 
1.0530084325660456 0.9148164609094955 0.8808230535023578 -1.930143005976058 0.8812812155823857 
3.6411593184616953 -1.031353051102903 -0.47930257615983085 -1.1607813746439062 0.5285840592346185 
0.18611782287805334 -1.832601060201218 1.9230224732019883 -0.9604474222499455 3.816291713480325 
1.2823968029483537 1.5445506446236899 3.0960975294519146 -1.8344480656950046 2.390772161228356 
-0.728302851337697 -2.2389146337468233 1.4175946028094595 -0.8551631727772797 3.9910776978395903 
1.897050966657446 2.704620337730872 1.0679374023997008 0.37667737788317135 3.720052027411124 
4.87361050643225 4.164150458987707 -1.3639839189960998 3.4912440070460677 5.221679852884476 
3.165955655231218 2.5578802490779533 -0.42780446792225546 0.7518603406787454 2.807512310490373 
-2.19414479946587 -0.8703999247365342 -0.4136946037482234 -0.06530369796782654 4.067476011158171 
3.237354404624809 1.2120717724501375 1.1864567787634002 -0.8301096826624015 1.8976293429532691 
0.08001952317824568 0.41090498380562845 1.4331329778023068 -1.302214479892146 2.5941887612099475 
-0.027875935550092823 0.4057478690124312 -0.17747800317100926 0.06503840364608093 3.461841176917699 
-0.2995303251185042 4.813153557127702 2.9679118317484257 -1.9950420004092753 1.98595578449862 
-0.9794705514356692 -0.1904258663451308 -1.1413373161411757 0.9072898078842753 4.422008799383072 
0.8483829486913654 2.1016203190786134 4.322998192980912 -1.6634932471193071 3.544509408954643 
5.256911040672346 3.8878449648616478 2.10623960018736 -1.5174504075386603 0.38504788638337817 
4.571629931983831 0.9561128444548233 -1.1081313442674832 -1.661722158621651 -1.3183548135533911 
1.8392593356806617 1.2525725987129683 -0.27473200697265043 -1.003635749765485 1.073585377802661 
1.4299265832870234 -0.16106805880714004 1.7733674590983424 0.030890347669021878 4.41081399419932 
0.28425269511317985 2.663208051755604 -1.1937467332228815 0.3646937765431133 2.64964059229505 
5.1934974428593375 4.313125120702018 4.377098007125373 -0.8075974753708832 2.9538945320192536 
4.827232078439721 3.324837370564232 3.929304010765792 0.3355628675159783 4.590246309431908 
1.6651175150529864 2.45624066571148 -0.7364246766311189 0.6007766197113162 2.891518284727777 
0.861892950199574 2.2323202700055482 0.5837911947562038 -2.005453285336617 0.3805998793074914 
-1.4352539971655283 -1.040953432952647 -0.11435208331280311 -1.025584030371996 2.6750274217144963 
0.5849192278521862 0.8588556845057844 -0.7135370983538205 -1.04595274438295 1.1942570801642227 
2.3109291042894107 0.1264573641869562 2.3559953871211623 -0.7207478469403761 3.3931292777242774 
2.9476395855150987 -0.13849702736873626 0.9404449867693014 0.11869881148957617 3.438757597987844 
1.3012661589919017 4.440482742306648 -1.3880869414050416 -0.945254754841699 -0.04474171947070804 
3.188974258927078 0.35971079643536474 -0.10632684274302506 1.2637228178991107 4.1744089564308435 
4.1178539474142175 3.356692856870481 -1.4991067343412539 0.33865988019296767 0.9889849009460132 
2.733015529054776 -1.000172700846986 -0.4902224856093318 1.410280985563201 4.519947115444117 
4.429044379776836 1.0766254643553166 -1.3841284668476281 -0.30259458801068084 0.4687842738784864 
3.2226371094805213 3.947260174320885 4.769181806969711 -1.2227711093851787 3.3584735064716327 
2.660169808719087 3.977140020898301 -1.754421086551368 0.5819099318917373 1.529037335715921 
2.695545500865852 -0.23115904775370066 2.1404090531975255 0.3131334015058429 4.668128184328209 
4.024961434408536 1.6293326949194231 -0.3260210998250668 2.0267538770793445 4.602353027431091 
1.498757371689631 -0.318665938629515 -1.9479233162676102 -1.0048336304772716 0.29638862751981776 
2.6049017602457596 5.10808825387778 0.6586517905801108 1.709395353648809 4.665094849774721 
3.203789151336502 4.24808213735117 0.32045618073401383 1.094890381050893 3.5020974970963987 
0.9707498601946174 4.170673859071459 -1.7341437578341659 -0.010865836197563095 1.2167376156458811 
-1.4797450751203391 2.7185185213650334 -0.9519531372811536 -0.5782230279893099 2.0404657715882797 
0.4391592464009799 2.088800668398587 2.6049435690216916 -0.14430099035919275 4.656762971452052 
4.663817871958459 3.042826087335509 2.4516817896090366 -0.7432184376003896 2.099729822299955 
2.4175728230885425 -1.4993846338287218 -0.0665939589765856 0.45508130343202646 3.642299922134604 
-0.14668897411587545 3.0700013865429208 -1.502987568535542 1.276193845707156 3.811412879259471 
2.7112009935876022 -2.389491469857262 -1.3014491402169377 -0.6401781181899393 1.2608173900557156 
-0.8583801171656522 4.512760584558796 2.6913317366751457 -1.9555548445610236 2.089631138008634 
0.04712442672389372 2.9843366393204187 2.799777458643714 -0.5435471498824933 4.183033389589673 
-0.7413336849743974 2.1728227806572162 -0.13202775228188712 -0.7343430327440694 2.250802481607338 
5.178231818309533 -1.7070817567343046 0.05888761161355349 -1.3730222970505717 0.21701972474748166 
-0.06656840121910212 1.4389914717608179 -0.0678654846229636 -0.7479738903764126 2.188664845016798 
2.507515977776595 -1.6417760483145445 0.16940897003251187 -0.9321441807635615 1.808056971198703 
-1.6678479119599816 3.350247828577937 2.3019954473937085 -0.0328137310020189 5.070118282351898 
5.12514384131639 -1.4278541265338032 1.8421106968182215 -1.789381791562255 0.8431259571986023 
4.97303629965328 4.180682302701511 4.921525852836552 -0.4751135527066985 3.9156702102252425 
-1.3408210406161654 0.7654543437455383 -0.29111748348099153 0.7298848501409108 4.7093649297054405 
0.9110500364474261 1.9460562425417682 2.5311506306437104 -1.1587897006743888 3.0131055334963808 
1.2454822894296735 4.7435935633246435 0.14792807690885312 -2.3317056325039376 -0.9933524679557626 
4.700711974135854 -1.6618534049515084 4.6945612360493705 -1.6344263611875671 3.267519276414026 
2.9727448372962644 2.9916000553070665 2.58028971319872 -1.5868927477014012 1.5489446985954571 
2.108090664395373 2.680517787948192 -0.5002187878243227 0.013020235895620402 2.0221188838074964 
3.698567958454565 1.273111043150278 -1.2570088351775617 -0.785612371527751 0.06992748509990232 
4.65443846945472 -1.600814567200873 2.2698189492459733 -1.7373350741173406 1.4095254521931428 
-0.39043029003706753 -0.374725268655842 -0.41878086543621507 0.3294118453296928 3.93853120810424 
2.6472563746063944 2.704904973182906 0.2104803750302966 0.6718244521231387 3.2888606945370533 
2.3761537506250483 -1.035070134622392 0.7909927086524484 -1.551818999845315 1.2854934631636703 
-1.0074671532867148 -1.6573489521321343 1.421916721831961 -0.26794227617996924 4.824178289994395 
4.20925974028838 1.9529717824787425 -0.1316958211220025 0.5095613432456609 2.432982551093445 
1.445366492351352 3.0112918765794667 0.8423091812332972 -0.7633002686338295 2.01203411981363 
2.679007734723926 4.4492262623209164 2.969201420842971 -1.6247453924121795 1.5950892305073663 
4.35947390044372 3.2995064052883603 3.137800306015307 0.14442123638924076 3.9162709894483463 
3.7176969890500633 4.9292500262217605 -1.4154557348571055 -0.3285231749058082 -0.07254978293020442 
2.365389919482803 4.198950490286159 1.6802615678193396 -1.453835209455323 1.0815342024808323 
2.631000848468913 -0.5990313857219003 -0.10017753524411455 -0.09805611181532603 2.5828209363733077 
-0.831705824944347 4.123477347079584 -1.571244633747254 0.01821101821576976 1.983588959873761 
3.8698000148373097 2.9314435452337406 -0.15196779219159917 -1.045063874362422 0.11058145368961414 
4.294796882990576 -0.8770574008408387 2.1466818546552746 -0.6292847785239983 2.903044523690868 
0.9101085052372677 -0.8461743427542952 1.8349478601032505 -0.8608462207056411 3.471514633227353 
3.3602598083260666 -0.45660482549512116 -0.8489403205051149 -0.9736843244842879 0.5231952721934459 
3.344235347666053 0.6905491771801777 -1.86686647379379 -0.759896377111206 -0.0970712999142116 
4.479715809265997 0.9118768600585281 1.3768160590262015 -0.09244933545282796 2.7363372097549554 
4.773138983017818 1.3153791649066078 0.534881342229965 1.2494831765218435 3.900584670187234 
4.6778662004700085 -0.07465236737209047 4.4180113572564625 -1.2407094372113572 3.3501484781565924 
2.5547783494244243 3.1119920872020375 0.8553633324547336 -0.21283545283085914 2.425514245101918 
2.884309751531193 0.20399451210541586 1.6766850843535468 0.637732507615163 4.663665263830715 
3.028084893439284 1.811969280571024 0.6804951078478323 -0.8528746447210334 1.4651256649113267 
2.9674161654450497 0.3477731203925172 -0.3807475061038059 -0.9310745053092584 0.896051695627067 
3.1189162855366357 1.3896680724107688 -2.032059521797261 -0.7935567385424984 -0.3177556206418035 
1.5152016873814034 1.6033489968591759 -0.8718082697372174 -1.0119106563975835 0.6824161891320077 
4.788958378993044 4.389175162128801 0.4349992564980465 -1.3269256968766048 -0.4589984839473966 
3.7340534969876575 2.372073053684523 4.118355885557349 -2.18774786467008 1.6324207898378411 
2.87655344780607 1.5935082547684996 2.2197672904803554 -1.2027508613886564 2.1403179513927366 
2.4035380509391766 4.399540384008702 1.174563962532347 0.9931733095782449 4.197692432956465 
4.7181735294197225 4.615838657201861 1.6251478556421441 0.6751176587107954 3.246290539511196 
-0.4224404310166161 1.4913712469159752 0.03660134330596154 0.6762321099400004 4.422245499165286 
3.4309194982975253 2.8961986484239453 2.0273233267719526 -0.588998493863917 2.4600346370160997 
4.660460217374623 3.4249855275708763 1.7242470059704442 -1.1420353024712044 0.9410866789978947 
-1.3583679202422925 -0.9599408491587451 0.17977906915466035 -0.11455463373066 4.154241850999422 
0.5911163242376207 -0.050451965965941925 1.4569295618306346 -1.6616329591781098 2.009181215598254 
4.399479334577304 0.9475418258032082 -0.5799492987300354 0.4654365730878971 2.177099656259176 
0.42736048170797347 0.26413216818806173 0.5230273405604677 -0.04533241450661318 3.672611712532758 
-0.7788691013716871 0.5893902308186283 1.9484887855546615 -0.7591285617625978 3.993509896913416 
4.807459232683342 4.653204845103037 2.811513539139705 0.17042569161286547 3.3212478857408505 
-0.86522136156996 1.7985775202313619 3.519376434624128 -1.6432534753676606 3.6334087078949207 
4.8925807327942845 0.008194703491598121 -0.9578880686421534 -1.0175188522294794 -0.21459207182479156 
4.760994221558483 -1.8497157357194431 -1.5064440592306503 1.9760235012865583 4.099166465965199 
3.439543082841138 3.227473905590749 2.90468075013925 -0.015768719909693196 3.841088772542413 
3.9061288852864795 0.6465577085147078 0.15794350636224874 1.8043051936549481 4.847047709323963 
3.7384928536829225 -1.6099053441027653 -0.33765709651971787 0.7651458021666284 3.47757987847759 
4.563231236229222 0.31746927586932894 1.9219199343585975 -1.0660609137679637 1.80266279663166 
-0.8421765124590179 1.557798020114532 0.8295208959663873 -1.9434273467972256 1.337516801378181 
4.772101915432157 4.822104807994167 4.1005843835579485 0.11138718030001016 4.127329739375472 
4.154561760155795 -1.3820810000434516 1.928063128449606 -0.6712742986957188 2.8289770871217064 
0.5563131782203323 3.6068109725980166 -1.240806267011215 1.847206330428918 4.484291531279088 
4.366197933671115 0.2565084092903793 -1.1081370612289232 1.532418507377593 3.4803705509834897 
2.353387901070594 -0.9942377910528868 2.2407440524001325 -0.869927120886747 3.2917703204455098 
-0.22807883789032557 -1.8078731228557114 -0.013279981199315838 -0.015786426570996603 3.9413000791333586 
2.865568375651334 3.5907237323261487 0.29297358157298925 -0.7317685082855634 1.0875825628910696 
-0.7083586512854927 4.200504307286532 -0.05214183790775606 -0.8074049643965588 1.8125720785077157 
0.22796454510740238 1.3005700731991081 3.9282423193033233 -1.5062048179524523 3.8483078797614416 
1.341871864862484 3.975069815551132 1.37541402562655 0.8208675464746562 4.524530012430748 
3.516063823818499 1.7775257205422594 1.522287375879345 -1.5432390141362886 0.9097740256883577 
-0.5296631286682676 0.3639727626805003 2.0477293436547637 -1.8864461542288553 2.399175072488956 
3.0698286881765062 5.640901679478006 -0.20981700361622302 1.8889554232799277 4.055759648999405 
1.9255782028179456 -1.4662696261826789 -1.3753558305853861 -0.3551832893029636 1.7083305412735785 
-1.6284509644554204 3.236892989520879 0.22997459529133257 0.8474267243213518 4.881448220826405 
3.7537674026730965 3.728740692235238 1.9490878304747226 0.20182656322774584 3.2808389192486676 
2.774385351659921 -0.659084070215376 -0.8167063224340876 1.7753757090012927 4.737621545351313 
-0.10780656627919227 -0.14881923421463883 1.159317974643501 -1.7365652531743956 1.9423140798351968 
1.3754811379776157 -0.7232945558913741 2.037671234073837 -1.8823074503057067 1.9659544870926668 
2.3301306234650254 2.3204035172256585 3.0147974111131277 0.42421182870648355 5.091422130019485 
2.997031588591959 1.9649394285243083 -0.5550015730221951 -1.250791964613341 0.0009312112748269818 
4.622869685513297 2.216964463186568 0.9586727000518485 1.865398505911215 4.968765369683855 
3.046764914653587 -1.8212514952129837 -1.4700691003828605 0.9315428534030405 3.186974283603991 
2.159346189401469 -0.3382760323460632 0.12414880962071018 1.3768988483692866 4.973844986466645 
0.44339854121140343 0.6961557014577908 0.537595632493765 0.3163932838865424 4.117740600751174 
3.641687045921749 3.4559485004239887 2.8404521935119673 0.2961703115462673 4.134672069873767 
-1.4744491697586226 2.160697327581003 4.691382830626909 -1.4087934499965942 4.934757131329239 
2.2471243633986235 2.1686292373021185 -1.0931706917773356 0.6519045431424293 2.572375867140111 
4.375640769579322 1.3674036335803232 2.1716989205903214 -1.4585306246054373 1.2803621128544072 
-0.6994867975643966 1.7382696237411652 3.7619817158105846 -1.4413024451363625 4.051689281955979 
3.2435016637573035 -2.3176669665377903 0.7913370615817727 -0.823383901420478 2.284970686025609 
-1.3583224410349664 -0.624490688105003 -0.12295141136030807 -1.7084107838000175 1.5822663164278938 
2.0865228753631087 4.8386897164160345 0.8983558859383551 0.27852580549204475 2.9971782781674934 
2.1062201410354735 1.1082747921958873 -0.5928770879617737 0.6469144408970822 3.163731251684876 
4.523845217343764 2.5767269991962722 1.235647657433643 -1.868241166692763 -0.24610742712550238 
2.384702925038275 -1.9769178100361866 -0.5759190281017357 -1.7800870732886689 0.1638321146093249 
-1.7835598707907672 -0.889277503973426 0.3595274300051188 -1.8438383450667524 1.9196178133766941 
4.325665322668631 3.888665426421208 1.6169508737171023 -0.3771530154442915 1.9917740352073394 
2.4671296329860155 1.1533863952568861 3.822301384399684 -0.3122383781235416 4.773672869174621 
2.063552251191125 1.6901050744925517 1.29236845941921 0.18116367506285114 3.7308501399531204 
2.281425611661014 -0.44310841864688477 -1.627778323931064 -1.7929578600810496 -0.8499556858647943 
0.8145256496538429 3.5545755145524924 1.4507183271632411 0.591998569165743 4.50264349793953 
4.169815481597487 0.9006283096804069 1.4185899507337423 -1.301430589006338 1.130357507535847 
1.1142201368682512 1.1070362625007284 2.8030193938218555 -1.6823312685065894 2.5401812615363575 
-1.047310204494603 1.7443982900781323 0.8029691049964067 -1.1075047067775396 2.5560988783406104 
1.3770337006516669 3.7629587951316417 1.4235089908860723 -0.69347946847536 2.4059071891651547 
3.4569674928278156 -0.038788339952913864 -0.5529482352057886 1.1549208735313408 3.6872861034344186 
-0.9021160223023184 -1.6014153479714497 1.9604180380598928 -0.6227409709360923 4.648000436892507 
0.12061942978908946 0.8460123431541511 2.2456303000593163 -1.0172973763437456 3.4839294571299533 
-1.6301628528563958 2.9902503242453626 3.1510702875056715 -1.7731088260386225 3.2185303055956433 
3.447127023330798 -0.07448473816214518 5.00212086066938 -1.1423617229882395 4.314691099619678 
1.9246346770383784 2.472437291171523 4.458337329600175 -1.4348540102696328 3.5413128625601398 
1.1867250584887423 2.69594347344338 0.6028305701855436 -0.27771445071347056 2.687236297787047 
4.364377518496202 5.0135429966180975 3.4913745250865333 -0.9341604036984361 2.2913128017386075 
4.836469749024984 3.151695832074868 0.759629119596154 1.7763403539547662 4.454202533764437 
0.850614258541825 1.919778180479126 1.4310603163151372 -0.8252167431486082 2.7411255441502185 
1.7387064335894202 1.6985435066391037 -0.6688481432836646 -1.7968488386912373 -0.39673646704894505 
-0.6498106005491511 3.7197690492678657 0.6974617944273218 0.5249297976769336 4.331065876380029 
-1.4164754789935503 3.4355678841181145 -1.815328730209918 -0.8457566247334642 0.8901911932690121 
3.5238662540701684 3.554105927852692 -1.8151469049248528 1.810269105283698 3.0459269714090462 
-1.4608920809324402 2.845990492906595 -0.4288476346460679 -2.145309450617138 0.12345595936548004 
1.8858392451282604 4.210164500329715 1.0256328211828631 0.2102400224353449 3.173007759160254 
3.1968589234204003 1.5447921256473667 0.5743321926742704 -1.8452150225610584 -0.04529236932476466 
2.894412212734868 4.452523551827645 -1.0149640952195997 -0.00319689594803374 1.042134815406737 
1.6424035212769867 2.473435254412744 2.3807255650106964 -1.1176462600627628 2.623825062088904 
1.1440531059065826 1.3822297186150814 -1.714906732124458 -0.560114420495121 0.9022124621483281 
3.134358811874395 0.6019812225896739 1.700648532183184 -1.6183263804118526 1.2742388088402197 
1.3014644768718502 -0.5433357438890984 0.6302607632801116 0.8469786691428167 4.8926329328440215 
0.07021646596011388 2.278951921227653 1.1688713861349802 -0.7886905683663057 2.801451891972647 
3.984640754102858 0.6754104732554085 0.4888130374553894 0.35416975280340535 2.9611757421235247 
-0.9114956045430054 3.727450742328065 -1.932928066941189 -0.49446485531943485 1.0901832974717875 
2.5104343885332816 2.979621505901043 1.6134190611729036 -1.1668698004898954 1.6268042073133708 
4.306866062506602 2.4085950973987043 4.033399188352399 -1.9832866008399097 1.6691897787853662 
-0.040138302730243325 0.3562270560526948 -1.2825176802866562 -1.563208913329841 0.34957063409980194 
5.316676733909881 -1.097124105710353 0.4048485749343331 -0.17157406582349477 2.031665489467561 
2.338231456648654 1.4369734208093803 0.5213240617953634 -1.0140992934908453 1.4205838513844087 
1.1435236888793823 0.9857315447558559 -1.3873005937581468 -0.7564892281716444 0.9252105589902153 
-0.7078019984537343 0.8807261393112813 -1.6014522777549338 -1.0642172550248907 0.9673716657067901 
-0.09180449022683845 3.922187807313141 0.8957956815333392 -1.5104343615022982 1.316502731075265 
1.776949923886575 0.7847162180513596 0.29026018579090596 -1.0396834690491592 1.5292852795082543 
1.90220559533809 -0.6611838583448615 0.6424127317411192 -0.5342959541629846 2.7339111561429386 
-0.7582146649962953 0.6065553052689399 3.2919533766365365 -0.6568701313012373 5.0799908051960845 
1.9545893725552395 4.413940218851301 -1.5433776101838008 -1.1013447509259076 -0.5923048266974882 
-0.686646396198137 -1.8569044826503125 -1.2525579130631044 1.0801589979799187 4.805822626615019 
3.2637160223383397 0.6294944368688806 2.8448615646793867 -0.13033825331342097 4.177325269725609 
1.9917509949413805 2.5082564039112984 0.4621474066715554 -1.3141511436604107 0.8620619970325591 
4.595273967102564 2.1314305933300366 -1.3758346807989104 1.4008653116562866 2.67539265899131 
2.816474531342304 3.834118128671322 0.28756470193236705 -0.490095490032153 1.402945475311182 
1.2039284572539928 3.975036466893583 -1.1142237200963065 0.7241787496883736 2.672094627639437 
0.6321396845776772 -1.4102919000923768 5.32383063671003 -1.9324838562117077 4.592031562221186 
-1.2471479747751149 4.424884419364632 2.810269076920476 -0.6938127193866517 4.1365117067083315 
-1.945130765340635 5.020493724196181 2.5530921485333082 -1.1179382923030663 3.46550144039895 
-0.7545800048411402 -1.4883174753003012 -1.5045230622986843 -1.5293581131587408 0.8239303610032567 
4.568889464401342 4.22749505088576 -1.1772974781315386 -0.18631170704754907 0.14757623886556615 
3.2590738714346292 5.317198388424459 4.814602847568573 -1.0782441128685583 3.330772686990903 
2.0651597424047283 -1.492854817137412 0.9730509469129425 -1.1353823598001498 2.2029925021789962 
3.0039583776254473 4.162129409865917 -0.5363475956837365 1.259635157888102 3.2166239276819684 
-0.9023870239113985 1.7591375704712469 -1.8858843662147433 0.33951892143285756 2.688650433239806 
2.0113854992435005 3.9208570974427253 -1.6382485397058077 2.5775029375463516 4.711754245318614 
0.3103462033283979 -0.8487978311287412 1.7989045242192176 0.046181921898236666 4.952864403850979 
-1.5650195953481494 5.213419862120894 -1.0303297550450319 0.1926910069359864 2.6579797139397083 
-0.6083016502410983 2.49000430622063 0.14492090222759524 -0.06991328797165774 3.2995727119030605 
-1.2500107224522987 4.467435364108083 1.69554312859004 -1.2316217114653665 2.567446205475436 
3.136408744279593 1.8743766820766579 0.6651346170268606 -0.1586404517241642 2.406249876563237 
2.2614778212852187 4.322472600148414 -0.5486937038582798 1.8006612271551394 4.204571216132662 
0.2976771252611159 3.880107569509785 -1.0717829990684191 0.1045026679865595 2.129446716413195 
2.7546553132305815 2.151697019989209 1.0163636535551093 0.6428031629532596 3.884035242089845 
1.0692347823784256 3.95260881429257 1.3237952810230214 0.853973748585537 4.63097774029773 
-0.8310796913615308 -1.2708931431952968 0.6398636671799145 -1.9593002039580445 1.705060184378317 
4.9431128970302955 2.1375405641471534 1.394914146423212 0.5166592456354393 3.2429798909156395 
0.5347910614363061 3.9046658014284166 -1.0140377554420517 0.5763931191873688 2.7663205017717116 
-0.8654549983612567 1.5800738547335942 0.8170286287287198 -0.6768475272017638 3.1561432599764716 
2.832501944987923 1.1616356544355058 -1.4149808099544894 -1.8884774446420922 -1.320243216317936 
4.179293879890407 4.0988783052591895 3.105764284095029 -0.264446937747024 3.215744684283429 
4.38309569014978 2.651714911967102 3.35267531687545 -1.0904452733196566 2.4029063696206188 
-0.9183699899153537 0.0532979415576158 -1.8444937535036834 -0.1034008108721649 2.403787951763264 
2.8747421389482395 0.5217237602305378 1.3691168784927172 0.6646701155937338 4.428979715671157 
1.7018409408929498 4.50961257159551 2.7374659833021484 0.22726332510130076 4.412520474704053 
2.169965804516153 1.2090974009299718 2.0170908630525624 -0.17979323418514692 3.777470735665643 
0.8806739779227952 2.65495354257238 -0.07234110887672429 -0.46739641384280484 2.046608426558114 
0.25191126126748387 4.375824605006359 -0.5196468137118959 0.3533249418145292 2.8006337131446166 
-2.328718775077851 -0.06492089810583357 1.3695379900978946 -1.197699951135184 3.5914283600940893 
-1.6609732401507944 2.425992948716574 0.8879722371577938 -0.2900390424835839 3.8706191083807937 
-0.5993418740067704 3.8768938442173964 0.08598715960960579 -0.908032716202791 1.789322001962836 
-1.3832075032803979 1.8804556721238637 1.7366289507919432 -1.8416545464582121 2.2452123735767686 
1.4171018356890732 -0.09530387029055953 -1.7021323526724246 -1.379816069122668 -0.08431330915567647 
